500008
500009
500012
500013
500014
500016
500028
500039
500041
500048
500049
500052
500058
500059
500068
500069
500074
500083
500104
500106
500108
500112
500113
500116
500120
500123
500142
500143
500147
500148
500150
500153
500159
500165
500166
500170
500174
500179
500185
500186
500188
500189
500191
500192
500199
500201
500202
500206
500209
500210
500213
500215
500219
500220
500227
500228
500231
500233
500234
500235
500236
500239
500240
500241
500243
500245
500246
500247
500248
500250
500251
500253
500257
500262
500264
500265
500266
500267
500268
500270
500277
500279
500280
500282
500284
500285
500288
500290
500292
500296
500298
500304
500306
500307
500312
500313
500314
500317
500319
500322
500331
500336
500337
500342
500346
500350
500354
500355
500357
500360
500365
500366
500367
500370
500387
500388
500403
500404
500405
500407
500412
500414
500420
500421
500422
500426
500429
500439
500444
500449
500450
500456
500459
500460
500464
500467
500490
500500
500510
500520
500540
500547
500550
500575
500672
500680
500696
500730
500770
500777
500790
500850
500875
500890
501148
501242
501295
501298
501301
501311
501314
501343
501370
501391
501421
501423
501425
501430
501477
501700
501833
501848
502015
502090
502133
502157
502168
502175
502180
502250
502281
502294
502330
502420
502445
502448
502450
502587
502589
502820
502865
502873
502893
502901
502933
502958
502986
503031
503092
503100
503101
503127
503162
503229
503310
503349
503624
503641
503657
503659
503663
503669
503675
503681
503685
503772
503776
503804
503806
503811
503816
503960
504000
504028
504036
504067
504076
504080
504084
504092
504093
504112
504132
504176
504180
504212
504220
504240
504258
504273
504340
504341
504351
504356
504369
504378
504380
504392
504397
504605
504614
504646
504648
504731
504741
504786
504810
504840
504879
504882
504903
504908
504918
504959
504961
504988
505036
505075
505160
505163
505196
505212
505216
505232
505242
505250
505283
505285
505299
505302
505324
505336
505343
505355
505358
505368
505412
505502
505515
505523
505537
505650
505681
505690
505693
505703
505712
505720
505725
505726
505729
505737
505750
505797
505807
505827
505840
505850
505854
505872
505890
505893
505978
506003
506022
506079
506105
506122
506128
506134
506146
506186
506222
506248
506260
506365
506390
506414
506520
506525
506528
506532
506543
506579
506597
506605
506618
506640
506642
506655
506680
506685
506687
506734
506808
506852
506854
506858
506879
506906
506919
506935
506943
506979
506981
507155
507180
507205
507265
507315
507410
507474
507486
507490
507498
507514
507515
507526
507580
507598
507609
507621
507645
507685
507690
507717
507747
507753
507779
507785
507789
507794
507808
507813
507817
507828
507833
507836
507852
507864
507872
507878
507880
507912
507944
507946
507948
507960
507966
507970
507981
507998
508136
508486
508494
508571
508664
508670
508807
508875
508905
508906
508918
508922
508941
508954
508956
508961
508969
508980
508996
509015
509020
509026
509038
509040
509048
509051
509053
509055
509073
509084
509162
509196
509220
509243
509423
509438
509449
509470
509472
509486
509525
509546
509563
509597
509631
509635
509692
509709
509715
509732
509760
509835
509845
509874
509887
509895
509930
509945
509960
509966
510245
511000
511012
511016
511018
511034
511066
511092
511108
511110
511116
511122
511131
511147
511153
511176
511187
511194
511208
511218
511246
511355
511359
511377
511391
511401
511411
511441
511447
511451
511463
511473
511493
511501
511507
511509
511523
511525
511533
511535
511543
511549
511557
511559
511563
511571
511585
511589
511593
511601
511609
511626
511628
511630
511644
511654
511658
511664
511672
511688
511692
511696
511700
511702
511710
511712
511714
511724
511728
511734
511740
511754
511756
511758
511760
511764
511768
512008
512018
512020
512036
512038
512047
512048
512064
512068
512093
512097
512099
512103
512115
512131
512149
512165
512175
512179
512217
512229
512247
512257
512267
512297
512301
512329
512344
512379
512393
512399
512415
512425
512437
512441
512443
512453
512455
512463
512477
512479
512489
512493
512499
512527
512553
512559
512565
512587
512589
512591
512595
512597
512599
512604
512618
512624
512626
512634
513005
513043
513059
513063
513097
513117
513149
513173
513228
513250
513252
513262
513269
513303
513307
513309
513337
513353
513361
513369
513375
513377
513397
513401
513403
513418
513422
513452
513456
513460
513472
513488
513496
513498
513502
513507
513509
513511
513513
513515
513517
513528
513532
513536
513548
513566
513575
513579
513599
513629
513642
513687
513693
513699
513709
513713
513721
514010
514028
514030
514036
514043
514045
514060
514087
514113
514128
514138
514140
514142
514162
514165
514171
514175
514183
514197
514223
514234
514238
514240
514264
514266
514272
514280
514302
514312
514316
514322
514324
514326
514330
514332
514348
514354
514358
514360
514378
514400
514402
514412
514428
514442
514448
514450
514454
514460
514470
515008
515018
515037
515043
515059
515085
515093
515127
515145
515147
516003
516016
516020
516030
516032
516038
516072
516078
516082
516096
516098
516106
516108
516110
517015
517035
517044
517063
517096
517119
517146
517166
517168
517170
517174
517201
517236
517238
517246
517258
517264
517271
517273
517288
517300
517344
517354
517356
517360
517370
517372
517380
517393
517397
517399
517411
517415
517417
517421
517423
517431
517437
517447
517449
517467
517477
517494
517500
517506
517514
517522
517530
517536
517546
517554
517556
517562
517569
518011
518017
518075
518091
519003
519014
519064
519097
519126
519136
519152
519174
519191
519216
519224
519234
519238
519262
519285
519287
519295
519299
519331
519359
519367
519397
519421
519455
519457
519463
519471
519475
519477
519483
519494
519500
519528
519532
519566
519574
519604
519606
519612
520021
520043
520056
520059
520066
520073
520075
520086
520111
520113
520119
520121
520123
520127
520131
520141
520151
520155
521005
521014
521016
521018
521034
521048
521054
521062
521068
521080
521097
521105
521109
521113
521131
521137
521141
521149
521151
521161
521163
521178
521180
521194
521200
521206
521216
521222
521226
521228
521232
521234
521238
521240
521242
521244
521246
521248
522001
522004
522005
522014
522017
522027
522029
522034
522091
522101
522105
522108
522113
522122
522152
522163
522165
522183
522195
522205
522207
522209
522229
522231
522235
522241
522249
522251
522257
522261
522267
522273
522281
522287
522289
522292
522294
522650
523007
523011
523019
523021
523023
523025
523054
523062
523100
523105
523113
523116
523120
523144
523151
523160
523186
523222
523229
523232
523242
523248
523260
523261
523277
523289
523309
523323
523329
523369
523371
523373
523384
523385
523405
523411
523419
523425
523445
523465
523467
523475
523483
523489
523519
523537
523539
523550
523558
523566
523586
523594
523598
523606
523610
523620
523628
523630
523638
523642
523648
523650
523652
523672
523676
523696
523704
523710
523722
523732
523752
523782
523790
523792
523826
523828
523832
523838
523840
523842
523844
523850
523896
524013
524031
524037
524038
524080
524109
524129
524136
524156
524174
524200
524202
524204
524210
524212
524218
524230
524280
524288
524314
524324
524330
524336
524342
524372
524400
524408
524414
524434
524440
524444
524458
524470
524480
524488
524500
524506
524516
524518
524520
524522
524534
524542
524558
524564
524570
524572
524576
524582
524590
524594
524602
524604
524606
524614
524622
524624
524628
524632
524634
524636
524640
524642
524648
524652
524654
524661
524663
524669
524675
524687
524703
524711
524715
524717
524727
524731
524735
524743
524748
524752
524768
524774
524790
524808
524818
524820
524828
526001
526025
526043
526073
526081
526095
526113
526115
526117
526125
526133
526137
526139
526143
526159
526161
526169
526179
526187
526193
526211
526225
526227
526231
526237
526241
526247
526251
526263
526269
526299
526301
526315
526325
526335
526345
526355
526365
526371
526373
526407
526409
526415
526423
526433
526435
526439
526441
526443
526445
526468
526471
526473
526479
526481
526490
526492
526494
526500
526506
526508
526519
526521
526525
526532
526544
526546
526568
526570
526574
526582
526586
526588
526596
526604
526614
526616
526622
526628
526638
526640
526642
526650
526654
526662
526666
526668
526675
526687
526703
526705
526709
526711
526717
526721
526723
526725
526727
526731
526739
526747
526755
526761
526773
526775
526783
526795
526813
526821
526823
526827
526839
526841
526847
526851
526853
526859
526861
526865
526869
526871
526877
526885
526891
526899
526901
526905
526931
526935
526945
526947
526951
526953
526961
526965
526967
526971
526981
526983
526987
527001
527005
530005
530007
530011
530025
530037
530043
530045
530053
530055
530057
530063
530065
530073
530075
530077
530079
530095
530109
530111
530119
530125
530127
530129
530131
530133
530139
530141
530145
530163
530167
530169
530171
530173
530175
530185
530187
530197
530199
530201
530213
530215
530231
530233
530235
530239
530245
530249
530251
530253
530255
530259
530263
530265
530267
530281
530289
530291
530299
530305
530307
530309
530313
530315
530317
530331
530341
530357
530361
530367
530369
530377
530393
530401
530405
530407
530419
530421
530427
530429
530431
530433
530439
530443
530445
530449
530457
530459
530461
530475
530477
530495
530499
530517
530521
530525
530533
530537
530545
530547
530549
530555
530557
530565
530571
530577
530579
530581
530585
530589
530595
530601
530615
530617
530621
530627
530643
530663
530665
530677
530689
530695
530697
530699
530709
530711
530713
530723
530733
530735
530741
530747
530755
530765
530779
530787
530789
530795
530797
530799
530805
530809
530813
530821
530825
530829
530839
530845
530853
530879
530881
530883
530897
530899
530909
530919
530925
530929
530931
530943
530951
530953
530959
530965
530973
530977
530979
530991
530997
531003
531017
531025
531027
531035
531041
531043
531049
531051
531067
531069
531080
531083
531091
531109
531111
531112
531119
531120
531127
531129
531137
531144
531146
531153
531156
531157
531158
531161
531163
531168
531169
531173
531175
531176
531178
531199
531201
531203
531205
531209
531210
531212
531213
531215
531216
531219
531223
531225
531227
531228
531233
531234
531235
531237
531240
531246
531253
531254
531255
531257
531259
531260
531268
531272
531273
531278
531279
531280
531281
531283
531287
531288
531289
531297
531300
531304
531306
531307
531310
531314
531324
531328
531334
531338
531340
531341
531346
531349
531357
531359
531360
531364
531370
531373
531380
531381
531390
531396
531397
531398
531399
531402
531406
531411
531412
531413
531416
531417
531426
531431
531432
531433
531436
531437
531439
531444
531453
531454
531456
531460
531465
531471
531472
531489
531494
531497
531499
531500
531502
531503
531505
531506
531509
531512
531515
531518
531521
531525
531529
531531
531533
531539
531540
531541
531543
531548
531550
531552
531569
531574
531578
531582
531583
531585
531591
531592
531594
531600
531608
531609
531626
531628
531633
531637
531638
531642
531644
531651
531652
531661
531667
531668
531671
531672
531673
531681
531688
531694
531716
531723
531726
531727
531735
531737
531739
531744
531746
531752
531758
531762
531768
531771
531778
531779
531780
531784
531797
531802
531810
531812
531813
531814
531821
531822
531832
531834
531841
531842
531846
531847
531859
531861
531862
531867
531869
531878
531888
531889
531892
531893
531900
531902
531909
531911
531913
531923
531925
531929
531930
531931
531936
531944
531950
531952
531959
531960
531962
531968
531977
531979
531980
531982
531991
531996
531997
532001
532005
532007
532011
532015
532016
532019
532022
532029
532035
532039
532041
532042
532051
532053
532054
532056
532057
532067
532070
532090
532100
532102
532113
532123
532124
532140
532141
532145
532149
532150
532154
532159
532160
532163
532164
532167
532183
532187
532189
532210
532216
532217
532218
532221
532230
532234
532240
532256
532262
532271
532281
532284
532286
532300
532303
532304
532305
532313
532315
532320
532323
532329
532333
532334
532340
532343
532344
532345
532348
532349
532350
532351
532354
532355
532356
532362
532365
532369
532370
532371
532372
532373
532374
532375
532379
532380
532384
532387
532388
532390
532392
532397
532398
532402
532404
532406
532407
532408
532410
532416
532425
532432
532435
532444
532455
532460
532461
532466
532467
532468
532470
532477
532478
532481
532485
532486
532497
532500
532503
532504
532507
532509
532513
532514
532521
532522
532524
532525
532527
532532
532538
532540
532555
532605
532612
532614
532624
532626
532629
532637
532638
532645
532649
532650
532651
532652
532654
532656
532661
532667
532670
532673
532674
532676
532684
532686
532687
532689
532694
532698
532699
532700
532701
532702
532705
532710
532713
532714
532716
532717
532720
532722
532723
532725
532730
532732
532733
532734
532735
532738
532742
532744
532745
532748
532755
532756
532757
532759
532761
532766
532771
532775
532777
532782
532783
532785
532798
532801
532804
532806
532810
532812
532814
532815
532817
532820
532825
532826
532827
532829
532832
532841
532842
532847
532850
532851
532855
532859
532872
532875
532879
532880
532886
532887
532888
532889
532890
532891
532893
532894
532895
532896
532899
532904
532907
532911
532915
532916
532918
532925
532932
532933
532940
532942
532947
532951
532953
532957
532966
532967
532974
532975
532976
532978
532980
532983
532985
532986
532987
532988
532992
532998
533012
533014
533018
533047
533048
533056
533080
533088
533093
533095
533101
533106
533108
533110
533149
533156
533158
533160
533162
533166
533170
533181
533192
533193
533202
533203
533210
533212
533230
533244
533252
533262
533268
533269
533273
533275
533285
533286
533289
533293
533294
533295
533301
533302
533306
533315
533317
533320
533326
533333
533339
533344
533407
533427
533451
533470
533477
533482
533519
533552
533553
533573
533576
533581
533602
533608
533629
533655
533719
533896
533941
533982
534060
534063
534064
534091
534190
534338
534369
534422
534425
534598
534612
534618
534623
534639
534675
534680
534691
534708
534732
534733
534741
534742
534748
534755
534796
535136
535204
535205
535267
535276
535387
535431
535458
535514
535566
535601
535602
535621
535657
535667
535693
535719
535730
535910
535916
535958
536073
536264
536493
536507
536659
536672
536709
536773
536846
536974
537007
537008
537069
537253
537259
537326
537536
537573
537582
537707
537708
537709
537750
537785
537800
537820
537839
537985
538081
538092
538119
538212
538273
538319
538351
538395
538401
538402
538446
538451
538452
538464
538465
538476
538496
538521
538539
538540
538542
538546
538556
538564
538565
538569
538596
538597
538607
538609
538610
538611
538634
538646
538647
538668
538683
538706
538707
538708
538713
538714
538715
538731
538732
538733
538734
538742
538743
538765
538770
538772
538778
538787
538788
538794
538795
538817
538833
538834
538837
538838
538857
538860
538868
538874
538875
538881
538882
538890
538891
538894
538895
538896
538902
538918
538919
538920
538921
538922
538923
538926
538928
538935
538942
538943
538952
538964
538965
538970
538975
538987
538992
538993
539006
539011
539012
539013
539016
539017
539018
539031
539032
539040
539041
539042
539044
539045
539046
539090
539096
539097
539098
539099
539110
539111
539112
539113
539115
539117
539120
539121
539123
539124
539132
539143
539149
539151
539167
539174
539175
539176
539177
539189
539190
539195
539196
539198
539199
539206
539216
539217
539218
539219
539220
539222
539226
539227
539228
539252
539254
539255
539267
539273
539275
539277
539278
539287
539288
539290
539291
539300
539310
539314
539337
539353
539354
539378
539383
539384
539391
539398
539399
539402
539405
539408
539409
539428
539435
539449
539469
539470
539479
539492
539494
539495
539506
539515
539516
539517
539518
539521
539522
539526
539528
539544
539546
539552
539559
539561
539562
539574
539584
539593
539594
539596
539598
539599
539607
539620
539621
539659
539661
539662
539669
539673
539679
539686
539692
539697
539730
539760
539761
539762
539770
539773
539798
539800
539814
539834
539835
539837
539843
539854
539875
539884
539894
539917
539921
539938
539939
539945
539946
539947
539956
539963
539979
539980
539984
539986
539991
539992
539997
540005
540006
540026
540063
540072
540078
540079
540080
540081
540097
540108
540132
540134
540135
540143
540144
540146
540147
540159
540168
540174
540175
540181
540190
540192
540198
540204
540205
540243
540252
540254
540259
540267
540310
540358
540359
540360
540361
540377
540386
540395
540401
540404
540492
540515
540519
540526
540545
540550
540565
540570
540590
540612
540614
540615
540648
540650
540651
540652
540681
540686
540693
540694
540696
540703
540709
540717
540718
540725
540726
540727
540728
540729
540730
540737
540738
540786
540788
540796
540809
540821
540850
540874
540903
540904
540914
540923
540936
540938
540952
540953
540954
540955
540956
540980
541005
541006
541083
541096
541112
541144
541167
541178
541228
541299
541313
541337
541338
541347
541353
541358
541402
541444
541445
541503
541601
541634
541701
541702
541703
541735
541741
541771
541778
541799
541809
541865
541890
541945
541967
541972
541973
542012
542013
542019
542020
542025
542034
542046
542057
542123
542131
542155
542176
542206
542232
542248
542337
542351
542446
542459
542543
542579
542580
542597
542627
542628
542654
542666
542667
542668
542669
542670
542678
542679
542682
542694
542721
542724
542730
542747
542753
542758
542770
542771
542772
542774
542801
542802
542803
542804
542839
542841
542842
542843
542847
542850
542851
542862
542865
542866
542910
542911
542918
542921
542922
542923
542924
542934
542938
543065
543144
543150
543171
543174
543175
543176
543177
543181
543182
543186
543193
543194
543207
543208
543209
543211
543218
543219
543221
543223
543224
543229
543230
543231
543236
543239
543246
543256
543262
543267
543273
543274
543284
543285
543286
543289
543290
543292
543305
543310
543319
543323
543324
543326
543332
543341
543346
543348
543363
543364
543372
543373
543375
543376
543377
543378
543388
543391
543400
543410
543435
543438
543439
543440
543444
543449
543450
543452
543453
543454
543461
543464
543475
543481
543482
543497
543499
543500
543515
543516
543518
543520
543521
543522
543531
543536
543538
543539
543540
543541
543542
543544
543545
543546
543547
543568
543571
543572
543576
543577
543578
543579
543590
543594
543595
543597
543605
543606
543615
543616
543617
543619
543620
543621
543622
543637
543651
543656
543677
543678
543687
543689
543709
543710
543711
543712
543713
543714
543715
543720
543725
543732
543737
543738
543743
543744
543745
543746
543747
543748
543754
543765
543766
543768
543769
543774
543775
543776
543781
543782
543787
543798
543804
543805
543806
543811
543812
543819
543828
543829
543831
543848
543853
543858
543860
543861
543874
543895
543896
543897
543898
543900
543901
543902
543903
543904
543905
543910
543911
543912
543913
543914
543915
543916
543917
543918
543919
543920
543921
543922
543923
543924
543926
543927
543928
543929
543930
543931
543932
543933
543934
543935
543936
543937
543938
543939
543940
543941
543942
543943
543944
543945
543947
543948
543949
543950
543952
543953
543954
543955
543956
543957
543958
543959
543960
543962
543965
543969
543971
543972
543974
543975
543976
543977
543978
543979
543980
543981
543982
543983
543984
543985
543986
543987
543988
543989
543990
543991
543992
543993
543994
543995
543996
543997
543998
543999
544001
544002
544003
544004
544006
544007
544008
544009
544011
544012
544014
544015
544020
544021
544022
544023
544025
544026
544027
544028
544029
544030
544036
544037
544042
544043
544044
544045
544046
544047
544052
544053
544054
544055
544056
544057
544058
544059
544060
544061
544066
544067
544072
544073
544074
544079
544080
544081
544082
544083
544088
544090
544091
544092
544093
544094
544095
544100
544101
544102
544105
544106
544107
544108
544109
544110
544111
544112
544117
544118
544119
544120
544121
544122
544123
544124
544129
544130
544131
544132
544133
544134
544135
544136
544137
544138
544139
544140
544141
544142
544144
544149
544150
544151
544156
544157
544158
544160
544161
544162
544163
544164
544165
544166
544167
544168
544169
544170
544171
544172
544173
544174
544175
544176
544177
544178
544179
544180
544181
544183
544184
544185
544186
544187
544188
544189
544190
544191
544192
544193
544194
555555
570001
570004
570005
590003
590005
590013
590018
590024
590025
590030
590041
590051
590056
590065
590066
590068
590070
590071
590072
590073
590075
590097
590098
590099
590101
590107
590136
750869
750870
750871
890192
890193
890194
890195
890197
890200
890201
961917
