20MICRONS
21STCENMGM
360ONE
3IINFOLTD
3MINDIA
3PLAND
500002
500008
500003
500009
500012
500013
500014
500016
500020
500023
500027
500028
500031
500032
500033
500034
500038
500039
500040
500041
500042
500043
500048
500049
500052
500058
500059
500060
500067
500068
500074
500069
500078
500083
500084
500085
500086
500087
500089
500092
500093
500096
500097
500101
500103
500104
500106
500108
500109
500110
500112
500113
500114
500116
500117
500119
500120
500123
500124
500125
500126
500128
500133
500135
500136
500142
500143
500144
500147
500148
500150
500151
500153
500159
500160
500163
500164
500165
500166
500168
500170
500171
500173
500174
500179
500180
500182
500183
500184
500185
500186
500187
500188
500189
500191
500192
500193
500199
500201
500202
500206
500207
500209
500210
500213
500214
500215
500219
500220
500227
500228
500231
500233
500234
500235
500236
500238
500239
500240
500241
500243
500245
500246
500247
500248
500249
500250
500251
500252
500253
500257
500259
500260
500262
500264
500265
500266
500267
500268
500270
500271
500277
500279
500282
500280
500284
500285
500288
500290
500292
500294
500295
500296
500298
500300
500302
500304
500306
500307
500312
500313
500314
500317
500319
500322
500325
500327
500330
500331
500333
500335
500336
500337
500338
500342
500339
500343
500346
500350
500354
500355
500356
500357
500360
500365
500367
500368
500370
500378
500380
500387
500389
500388
500390
500400
500403
500402
500404
500407
500405
500408
500410
500411
500412
500414
500413
500418
500421
500420
500422
500426
500425
500429
500439
500440
500444
500449
500450
500456
500458
500459
500460
500463
500464
500467
500469
500470
500472
500477
500480
500483
500488
500490
500493
500495
500500
500510
500520
500530
500547
500550
500570
500575
500620
500645
500650
500655
500660
500670
500674
500672
500680
500690
500696
500710
500730
500770
500777
500780
500790
500800
500820
500825
500830
500840
500850
500870
500875
500877
500878
500890
501144
500940
501148
501150
501242
501295
501301
501298
501314
501343
501370
501391
501421
501423
501425
501430
501455
501477
501622
501700
501831
501833
501848
501945
502015
502090
502133
502137
502157
502168
502175
502180
502219
502250
502281
502294
502330
502355
502420
502445
502448
502450
502587
502589
502820
502865
502873
502893
502901
502937
502958
502986
503031
503092
503100
503101
503127
503162
503169
503229
503310
503349
503624
503641
503657
503659
503663
503675
503685
503722
503772
503776
503804
503806
503811
503816
503837
503863
503960
504000
504028
504036
504058
504067
504076
504080
504084
504092
504093
504112
504132
504176
504180
504212
504220
504240
504258
504273
504286
504340
504341
504356
504351
504369
504378
504380
504392
504397
504605
504614
504648
504646
504731
504741
504786
504810
504840
504882
504879
504903
504908
504918
504959
504961
504973
504988
505010
505036
505075
505160
505163
505192
505196
505200
505212
505216
505232
505242
505250
505255
505283
505285
505299
505302
505324
505336
505343
505355
505358
505368
505400
505412
505502
505509
505515
505523
505526
505533
505537
505590
505650
505681
505688
505690
505693
505700
505710
505712
505714
505720
505726
505725
505729
505737
505744
505750
505790
505807
505800
505827
505840
505850
505854
505872
505890
505893
505978
506003
506022
506076
506105
506109
506122
506128
506134
506146
506184
506186
506194
506197
506222
506235
506248
506260
506261
506285
506365
506390
506395
506401
506405
506414
506480
506520
506525
506528
506530
506532
506543
506579
506590
506597
506605
506618
506640
506642
506655
506685
506687
506690
506734
506767
506808
506820
506852
506854
506858
506879
506906
506919
506935
506943
506979
506981
507155
507180
507205
507300
507315
507410
507438
507474
507486
507488
507490
507498
507514
507515
507526
507552
507580
507598
507609
507621
507645
507685
507690
507717
507747
507753
507759
507779
507789
507794
507813
507815
507817
507828
507833
507836
507852
507864
507872
507878
507880
507910
507912
507944
507946
507948
507960
507966
507970
507981
507998
508136
508486
508494
508571
508664
508670
508807
508814
508869
508875
508905
508906
508918
508922
508933
508941
508954
508956
508961
508969
508980
508989
509009
509015
509020
509026
509038
509040
509046
509048
509051
509053
509055
509069
509073
509079
509152
509162
509196
509220
509243
509423
509438
509449
509470
509472
509480
509486
509488
509496
509525
509546
509557
509563
509567
509597
509631
509635
509675
509692
509709
509715
509732
509760
509820
509835
509845
509874
509887
509895
509930
509945
509960
509966
510245
511000
511012
511016
511018
511034
511066
511076
511092
511108
511110
511116
511122
511131
511147
511153
511169
511176
511187
511194
511196
511208
511218
511243
511333
511355
511359
511377
511391
511401
511411
511413
511431
511441
511447
511451
511463
511473
511493
511501
511505
511507
511509
511523
511525
511533
511535
511543
511549
511551
511557
511559
511571
511585
511589
511593
511601
511605
511609
511611
511626
511628
511630
511654
511658
511664
511672
511676
511688
511692
511696
511700
511702
511710
511712
511714
511724
511726
511728
511734
511740
511742
511754
511756
511758
511760
511764
511766
511768
512008
512014
512018
512020
512025
512026
512036
512038
512047
512048
512064
512068
512070
512093
512097
512099
512103
512115
512131
512149
512161
512165
512175
512179
512217
512229
512237
512247
512257
512267
512277
512296
512301
512329
512344
512379
512381
512393
512399
512415
512425
512437
512441
512443
512453
512455
512463
512477
512485
512489
512493
512499
512519
512527
512529
512531
512553
512559
512565
512573
512587
512589
512591
512595
512597
512599
512600
512608
512618
512624
512626
512634
513005
513023
513043
513059
513063
513097
513108
513117
513121
513149
513173
513228
513250
513252
513262
513269
513303
513307
513309
513337
513349
513353
513361
513369
513375
513377
513397
513401
513403
513418
513422
513430
513436
513452
513456
513460
513472
513488
513496
513498
513502
513507
513509
513511
513513
513517
513519
513528
513532
513536
513548
513554
513566
513575
513579
513599
513629
513642
513683
513687
513693
513699
513709
513713
513721
513729
514010
514028
514030
514036
514043
514045
514060
514087
514113
514128
514138
514140
514142
514162
514165
514167
514171
514175
514183
514197
514211
514223
514234
514238
514240
514248
514264
514266
514272
514274
514280
514286
514300
514302
514312
514316
514318
514322
514324
514326
514330
514332
514348
514354
514358
514360
514378
514386
514400
514402
514418
514428
514442
514446
514448
514450
514454
514460
514470
515008
515018
515030
515037
515043
515055
515059
515085
515093
515127
515147
516003
516016
516020
516022
516030
516032
516038
516062
516064
516072
516078
516082
516092
516096
516098
516106
516108
516110
517015
517035
517041
517044
517059
517063
517096
517119
517146
517166
517168
517170
517174
517201
517206
517214
517236
517238
517246
517258
517264
517271
517273
517288
517300
517334
517344
517354
517356
517360
517370
517372
517380
517385
517393
517397
517399
517411
517415
517417
517421
517423
517429
517431
517437
517447
517449
517467
517477
517494
517498
517500
517506
517514
517522
517530
517536
517544
517546
517554
517556
517562
517569
518011
518075
518091
519003
519014
519064
519091
519097
519105
519126
519136
519152
519156
519174
519183
519191
519214
519216
519224
519230
519234
519238
519260
519262
519285
519287
519295
519299
519307
519331
519353
519359
519367
519383
519397
519421
519455
519457
519463
519471
519475
519477
519483
519500
519506
519528
519532
519552
519566
519574
519600
519602
519604
519606
519612
520008
520021
520043
520051
520056
520057
520059
520066
520073
520075
520081
520111
520113
520119
520121
520123
520127
520141
520151
520155
521005
521014
521016
521018
521034
521048
521054
521062
521064
521068
521070
521080
521097
521105
521109
521113
521131
521137
521141
521149
521151
521161
521163
521178
521180
521194
521200
521206
521216
521220
521222
521226
521228
521232
521238
521240
521242
521244
521246
521248
522001
522004
522005
522014
522017
522027
522029
522034
522036
522064
522073
522074
522091
522101
522105
522108
522113
522122
522152
522163
522165
522183
522195
522205
522207
522209
522215
522217
522229
522231
522235
522237
522241
522249
522251
522257
522261
522267
522273
522275
522281
522285
522287
522289
522292
522294
522295
522650
523007
523011
523019
523021
523023
523025
523054
523062
523100
523105
523113
523116
523120
523127
523144
523151
523160
523186
523204
523207
523222
523229
523232
523242
523248
523260
523261
523269
523277
523283
523289
523301
523309
523319
523323
523329
523367
523369
523371
523373
523384
523385
523391
523395
523398
523405
523411
523419
523425
523445
523457
523465
523467
523475
523483
523489
523519
523537
523539
523550
523558
523566
523574
523586
523594
523598
523606
523610
523618
523620
523628
523630
523638
523642
523648
523650
523660
523672
523676
523694
523696
523704
523708
523710
523716
523722
523732
523736
523752
523754
523782
523792
523796
523826
523828
523832
523836
523838
523840
523842
523844
523850
523896
524000
524013
524019
524031
524037
524038
524051
524075
524080
524091
524109
524129
524136
524156
524164
524174
524200
524202
524204
524208
524210
524212
524218
524226
524230
524238
524280
524288
524314
524330
524332
524336
524342
524348
524370
524372
524394
524396
524400
524404
524408
524412
524414
524434
524440
524444
524458
524470
524480
524488
524494
524500
524502
524506
524516
524518
524520
524522
524534
524542
524548
524558
524564
524570
524572
524576
524580
524582
524590
524592
524594
524598
524602
524606
524614
524622
524624
524628
524632
524634
524636
524640
524642
524648
524652
524654
524663
524667
524669
524675
524687
524703
524709
524711
524715
524717
524727
524731
524735
524742
524743
524748
524752
524768
524774
524790
524804
524808
524816
524818
524820
524824
524828
526001
526025
526027
526043
526073
526081
526095
526113
526117
526125
526133
526137
526139
526143
526159
526161
526169
526173
526179
526187
526193
526211
526217
526225
526227
526231
526237
526241
526247
526251
526263
526269
526299
526301
526315
526325
526335
526345
526355
526365
526367
526371
526373
526381
526397
526407
526409
526415
526423
526431
526433
526435
526441
526443
526445
526468
526471
526473
526477
526479
526481
526490
526492
526494
526500
526506
526508
526519
526521
526525
526530
526532
526544
526546
526550
526568
526570
526574
526576
526582
526586
526588
526596
526604
526608
526612
526614
526616
526622
526638
526640
526642
526650
526654
526662
526666
526668
526675
526677
526687
526703
526705
526709
526711
526717
526721
526723
526725
526727
526729
526731
526739
526747
526751
526755
526761
526773
526775
526783
526795
526797
526807
526813
526817
526821
526827
526829
526839
526841
526847
526849
526851
526853
526859
526861
526865
526869
526871
526873
526877
526881
526885
526891
526899
526901
526905
526921
526931
526935
526945
526947
526951
526953
526961
526965
526967
526971
526981
526983
526987
527001
527005
530001
530005
530007
530011
530017
530019
530023
530025
530027
530037
530043
530045
530053
530055
530057
530063
530065
530067
530073
530075
530077
530079
530095
530109
530111
530117
530119
530125
530127
530129
530131
530133
530135
530139
530141
530145
530163
530167
530169
530171
530175
530185
530187
530197
530199
530201
530207
530213
530215
530217
530233
530235
530239
530245
530249
530251
530253
530255
530259
530263
530265
530267
530271
530281
530289
530291
530299
530305
530307
530309
530313
530315
530317
530331
530341
530343
530355
530357
530361
530363
530365
530367
530369
530377
530393
530401
530405
530407
530419
530421
530427
530429
530431
530433
530439
530443
530445
530449
530457
530459
530461
530469
530475
530477
530495
530499
530517
530521
530525
530533
530545
530547
530549
530555
530557
530565
530571
530577
530579
530581
530585
530589
530595
530601
530615
530617
530621
530627
530643
530655
530663
530665
530669
530675
530677
530689
530695
530697
530699
530705
530709
530711
530713
530715
530723
530733
530735
530741
530747
530755
530759
530765
530779
530787
530789
530795
530797
530799
530803
530805
530809
530813
530821
530825
530829
530839
530843
530845
530853
530871
530879
530881
530883
530897
530899
530909
530917
530919
530925
530931
530943
530951
530953
530959
530961
530965
530973
530977
530979
530991
530997
530999
531003
531017
531025
531027
531035
531041
531043
531049
531051
531067
531069
531080
531082
531083
531091
531092
531099
531109
531112
531119
531120
531129
531137
531144
531146
531147
531153
531155
531156
531157
531158
531161
531162
531163
531168
531169
531173
531176
531178
531179
531199
531201
531203
531205
531209
531210
531212
531213
531215
531216
531219
531221
531223
531225
531227
531228
531233
531234
531235
531237
531240
531241
531246
531253
531254
531255
531257
531259
531260
531265
531266
531268
531272
531273
531278
531279
531280
531281
531283
531287
531289
531297
531300
531304
531306
531307
531310
531314
531322
531323
531324
531328
531334
531335
531337
531338
531340
531341
531344
531346
531349
531352
531357
531358
531359
531360
531364
531370
531373
531380
531381
531387
531390
531395
531396
531398
531399
531400
531402
531406
531411
531412
531413
531416
531417
531426
531431
531432
531433
531437
531439
531444
531449
531453
531454
531456
531460
531465
531471
531472
531486
531489
531494
531497
531499
531500
531502
531503
531505
531506
531508
531509
531512
531515
531518
531525
531529
531531
531539
531540
531541
531543
531548
531550
531552
531553
531556
531568
531569
531574
531578
531582
531583
531591
531592
531594
531595
531599
531600
531608
531609
531613
531616
531624
531626
531628
531633
531635
531637
531638
531642
531644
531651
531652
531661
531668
531671
531672
531673
531681
531688
531692
531694
531716
531717
531719
531723
531726
531727
531737
531739
531744
531746
531752
531758
531761
531762
531768
531771
531778
531779
531780
531784
531795
531797
531802
531810
531812
531813
531814
531821
531822
531832
531834
531840
531841
531842
531845
531846
531847
531859
531861
531862
531867
531869
531870
531878
531888
531889
531892
531893
531900
531902
531909
531910
531913
531918
531921
531923
531925
531929
531930
531931
531936
531944
531950
531952
531959
531960
531962
531968
531977
531978
531979
531982
531991
531994
531996
531997
532001
532005
532007
532011
532015
532016
532019
532022
532029
532035
532039
532041
532051
532053
532054
532056
532057
532067
532070
532090
532092
532100
532102
532113
532123
532124
532134
532140
532141
532143
532144
532145
532149
532150
532154
532155
532156
532159
532160
532162
532163
532164
532172
532173
532174
532175
532178
532180
532181
532183
532187
532189
532209
532210
532212
532215
532216
532217
532218
532219
532221
532230
532234
532240
532256
532259
532262
532268
532271
532281
532284
532285
532286
532290
532296
532300
532303
532304
532305
532309
532310
532313
532315
532320
532321
532323
532324
532326
532329
532331
532333
532334
532335
532339
532340
532341
532343
532344
532345
532348
532349
532350
532351
532354
532355
532356
532357
532362
532365
532366
532369
532370
532371
532372
532373
532374
532375
532376
532378
532379
532380
532382
532384
532386
532387
532388
532390
532392
532395
532397
532398
532400
532402
532404
532406
532407
532408
532410
532413
532416
532419
532424
532425
532430
532432
532435
532439
532440
532443
532444
532454
532455
532457
532460
532461
532466
532467
532468
532475
532477
532478
532481
532482
532483
532485
532486
532488
532493
532497
532500
532503
532504
532505
532507
532508
532509
532513
532514
532515
532521
532522
532523
532524
532525
532527
532528
532529
532531
532538
532539
532540
532541
532543
532548
532553
532555
532604
532605
532610
532612
532613
532614
532616
532617
532624
532626
532627
532628
532629
532630
532633
532636
532637
532638
532640
532641
532642
532644
532645
532648
532649
532650
532651
532652
532654
532656
532659
532661
532662
532663
532666
532667
532668
532670
532673
532674
532676
532683
532684
532686
532687
532689
532694
532695
532698
532699
532700
532701
532702
532705
532707
532708
532710
532713
532714
532716
532717
532719
532720
532722
532723
532725
532726
532728
532729
532730
532732
532733
532734
532735
532737
532738
532740
532741
532742
532744
532745
532748
532749
532754
532755
532756
532757
532759
532760
532761
532762
532764
532766
532768
532771
532772
532773
532774
532775
532776
532777
532779
532780
532782
532783
532784
532785
532790
532794
532795
532796
532797
532798
532799
532800
532801
532804
532805
532806
532807
532808
532809
532810
532811
532812
532814
532815
532817
532820
532822
532825
532826
532827
532828
532829
532830
532832
532834
532835
532839
532841
532842
532843
532845
532847
532848
532850
532851
532853
532855
532856
532859
532864
532867
532868
532869
532872
532875
532878
532879
532880
532884
532885
532886
532888
532889
532890
532891
532892
532893
532894
532895
532896
532898
532899
532900
532904
532906
532907
532915
532916
532918
532921
532922
532923
532924
532925
532926
532927
532928
532929
532930
532931
532932
532933
532934
532935
532937
532939
532940
532941
532942
532944
532945
532946
532947
532951
532952
532953
532955
532957
532960
532966
532967
532974
532975
532976
532977
532978
532980
532983
532985
532986
532987
532988
532989
532992
532993
532994
532998
533001
533007
533012
533014
533018
533019
533022
533023
533029
533033
533047
533048
533056
533080
533088
533090
533093
533095
533096
533098
533101
533104
533106
533108
533110
533121
533122
533137
533138
533146
533148
533149
533150
533151
533152
533155
533156
533158
533160
533161
533162
533163
533164
533166
533168
533169
533170
533172
533177
533179
533181
533192
533193
533202
533203
533206
533208
533210
533212
533217
533218
533227
533229
533230
533239
533244
533248
533252
533259
533260
533261
533262
533263
533267
533268
533269
533270
533271
533272
533273
533274
533275
533278
533282
533284
533285
533286
533287
533289
533292
533293
533294
533295
533296
533298
533302
533303
533306
533315
533316
533320
533326
533329
533333
533336
533339
533343
533344
533385
533398
533407
533408
533427
533451
533452
533470
533477
533482
533506
533519
533520
533540
533543
533552
533553
533570
533573
533576
533581
533602
533605
533608
533629
533632
533638
533655
533676
533704
533758
533761
533896
533941
533982
534060
534063
534064
534076
534091
534139
534190
534309
534312
534328
534338
534369
534392
534422
534425
534532
534597
534598
534600
534612
534615
534618
534623
534639
534674
534675
534680
534691
534708
534732
534733
534741
534742
534748
534755
534758
534796
534804
534809
534816
534976
535136
535204
535205
535267
535276
535322
535387
535431
535458
535514
535566
535601
535602
535621
535648
535657
535667
535693
535719
535730
535754
535755
535789
535910
535916
535958
536073
536264
536493
536507
536659
536672
536709
536710
536773
536846
536960
536974
537007
537008
537069
537253
537259
537291
537292
537326
537483
537536
537573
537582
537707
537708
537709
537750
537766
537785
537800
537820
537839
537985
538057
538081
538092
538119
538212
538268
538273
538319
538351
538365
538382
538395
538401
538402
538422
538446
538451
538452
538464
538465
538476
538496
538521
538539
538540
538542
538546
538556
538562
538564
538565
538567
538568
538569
538596
538597
538598
538607
538609
538610
538611
538634
538635
538646
538647
538666
538668
538674
538683
538685
538706
538707
538708
538713
538714
538715
538730
538732
538734
538742
538770
538772
538778
538786
538787
538788
538795
538812
538817
538833
538834
538835
538836
538837
538838
538857
538860
538862
538868
538874
538875
538881
538882
538890
538891
538894
538895
538896
538902
538918
538919
538920
538922
538923
538926
538928
538942
538943
538952
538961
538962
538964
538965
538970
538975
538979
538987
538992
539006
539011
539012
539013
539016
539017
539018
539031
539032
539040
539041
539042
539044
539045
539046
539056
539083
539090
539096
539097
539098
539099
539111
539112
539113
539115
539117
539118
539120
539121
539123
539124
539132
539141
539143
539148
539149
539150
539151
539167
539174
539175
539176
539177
539189
539190
539195
539196
539198
539199
539201
539206
539216
539217
539218
539219
539220
539221
539222
539224
539226
539227
539228
539251
539252
539254
539255
539267
539268
539273
539275
539276
539277
539278
539287
539288
539289
539290
539291
539300
539301
539302
539309
539310
539312
539313
539314
539331
539332
539334
539336
539337
539346
539353
539354
539359
539378
539383
539391
539398
539399
539400
539402
539404
539405
539406
539407
539408
539409
539428
539435
539436
539437
539448
539449
539450
539469
539470
539479
539480
539487
539492
539494
539495
539506
539515
539516
539517
539518
539519
539521
539522
539523
539524
539526
539527
539528
539533
539542
539544
539545
539546
539551
539552
539559
539561
539562
539574
539584
539593
539594
539596
539598
539599
539607
539620
539621
539636
539658
539659
539660
539661
539662
539669
539673
539678
539679
539682
539686
539692
539697
539725
539730
539742
539760
539761
539762
539767
539773
539784
539785
539787
539798
539799
539800
539807
539814
539834
539835
539837
539841
539843
539854
539871
539872
539875
539876
539883
539884
539889
539894
539911
539917
539921
539927
539938
539939
539945
539946
539947
539956
539957
539963
539978
539979
539980
539984
539986
539991
539992
539997
540005
540006
540008
540023
540025
540026
540047
540048
540061
540063
540065
540072
540073
540078
540079
540080
540081
540083
540097
540108
540115
540124
540125
540132
540133
540134
540135
540136
540143
540144
540145
540146
540147
540151
540153
540154
540159
540168
540173
540174
540175
540180
540181
540190
540192
540198
540203
540204
540205
540210
540212
540222
540243
540252
540254
540259
540266
540267
540268
540293
540310
540311
540358
540359
540360
540361
540366
540376
540377
540386
540393
540395
540396
540401
540403
540404
540405
540425
540481
540492
540497
540515
540519
540526
540530
540544
540545
540550
540565
540570
540575
540590
540595
540596
540602
540611
540612
540614
540615
540642
540647
540648
540649
540650
540651
540654
540669
540673
540678
540679
540680
540686
540691
540692
540693
540694
540696
540699
540700
540701
540702
540703
540704
540709
540710
540715
540716
540717
540718
540719
540724
540725
540726
540727
540728
540730
540735
540737
540738
540743
540749
540750
540755
540757
540762
540767
540768
540769
540774
540775
540776
540777
540782
540786
540787
540788
540789
540795
540796
540797
540809
540811
540821
540824
540829
540850
540874
540879
540900
540901
540902
540903
540904
540914
540923
540935
540936
540937
540952
540953
540954
540955
540956
540961
540975
540980
541005
541019
541083
541096
541097
541143
541144
541152
541153
541154
541161
541163
541167
541178
541179
541195
541206
541228
541233
541269
541276
541299
541301
541302
541303
541304
541313
541336
541337
541338
541347
541352
541353
541358
541400
541402
541403
541418
541444
541445
541450
541503
541540
541556
541557
541578
541601
541634
541700
541701
541702
541729
541735
541741
541770
541771
541778
541809
541865
541890
541929
541945
541946
541956
541967
541972
541974
541988
542011
542012
542013
542019
542020
542025
542034
542046
542057
542066
542123
542131
542141
542145
542155
542176
542206
542216
542230
542231
542232
542233
542248
542285
542323
542333
542337
542351
542367
542376
542383
542399
542437
542446
542459
542460
542484
542513
542524
542579
542580
542592
542597
542602
542627
542628
542649
542650
542651
542652
542654
542655
542665
542666
542667
542668
542669
542670
542678
542679
542682
542684
542685
542694
542721
542724
542725
542726
542729
542730
542747
542752
542753
542758
542759
542760
542765
542770
542772
542773
542774
542802
542803
542808
542812
542817
542830
542837
542839
542841
542844
542846
542847
542848
542850
542851
542852
542857
542862
542863
542865
542866
542867
542904
542905
542907
542909
542910
542911
542918
542919
542920
542921
542922
542924
542933
542934
542938
543064
543065
543066
543071
543079
543092
543099
543108
543110
543121
543144
543150
543161
543165
543167
543171
543172
543173
543174
543175
543176
543177
543181
543182
543186
543187
543193
543207
543208
543209
543210
543211
543212
543213
543214
543215
543217
543218
543219
543220
543221
543223
543224
543226
543227
543228
543229
543230
543231
543232
543233
543234
543235
543236
543237
543238
543239
543240
543241
543242
543243
543244
543245
543246
543248
543249
543250
543251
543252
543253
543254
543255
543256
543257
543258
543259
543260
543261
543262
543263
543264
543265
543266
543267
543268
543270
543271
543272
543273
543274
543275
543276
543277
543278
543279
543280
543281
543283
543284
543285
543286
543287
543288
543290
543291
543292
543297
543298
543299
543300
543305
543306
543308
543309
543311
543317
543318
543320
543321
543322
543323
543324
543325
543326
543327
543328
543329
543330
543331
543332
543333
543334
543335
543336
543341
543346
543347
543348
543349
543350
543351
543352
543358
543363
543364
543365
543366
543367
543373
543374
543375
543376
543378
543383
543384
543386
543387
543388
543389
543390
543391
543396
543397
543398
543399
543400
543401
543410
543411
543412
543413
543414
543415
543416
543417
543418
543419
543420
543425
543426
543427
543428
543433
543434
543435
543437
543438
543439
543440
543441
543442
543443
543449
543450
543451
543452
543453
543454
543458
543460
543462
543463
543464
543465
543470
543471
543472
543473
543474
543475
543480
543481
543482
543489
543490
543497
543498
543499
543500
543501
543512
543513
543514
543515
543516
543517
543518
543519
543520
543521
543522
543523
543524
543525
543526
543527
543528
543529
543530
543531
543532
543533
543534
543535
543539
543542
543543
543544
543545
543546
543547
543563
543568
543569
543570
543571
543572
543573
543574
543575
543576
543577
543578
543590
543591
543592
543593
543594
543596
543597
543599
543600
543605
543606
543607
543608
543613
543614
543615
543616
543617
543619
543620
543622
543623
543624
543625
543626
543627
543628
543635
543636
543637
543638
543643
543644
543645
543650
543652
543653
543654
543656
543657
543663
543664
543665
543666
543667
543668
543669
543670
543671
543677
543686
543687
543688
543689
543699
543709
543710
543711
543712
543713
543714
543715
543720
543725
543732
543737
543738
543743
543744
543745
543746
543747
543748
543754
543765
543766
543767
543768
543769
543774
543775
543776
543781
543782
543787
543799
543805
543806
543811
543812
543813
543819
543828
543829
543831
543848
543853
543858
543860
543861
543874
543895
543896
543897
543898
543900
543901
543902
543903
543904
543905
543910
543911
543912
543913
543914
543915
543916
543917
543918
543919
543920
543921
543922
543923
543924
543926
543927
543928
543929
543930
543931
543932
543933
543934
543935
543936
543937
543938
543939
543940
543941
543942
543943
543944
543945
543946
543947
543948
543949
543950
543951
543952
543953
543954
543955
543956
543957
543958
543959
543960
543962
543963
543965
543969
543971
543972
543974
543975
543976
543977
543978
543980
543981
543982
543983
543984
543985
543986
543987
543988
543989
543990
543991
543992
543994
543995
543996
543997
543998
543999
544000
544001
544002
544003
544004
544006
544007
544008
544009
544011
544012
544013
544014
544015
544020
544021
544022
544023
544025
544026
544027
544028
544029
544030
544035
544036
544037
544042
544043
544044
544045
544046
544047
544052
544053
544054
544055
544057
544058
544059
544060
544061
544066
544067
544072
544073
544074
544079
544081
544082
544083
544088
544089
544090
544091
544093
544094
544095
544100
544101
544104
544105
544106
544107
544109
544110
544111
544112
544117
544118
544119
544120
544121
544122
544123
544124
544129
544130
544131
544132
544133
544134
544135
544136
544137
544138
544139
544140
544142
544143
544144
544149
544150
544151
544158
544159
544160
544161
544162
544163
544164
544166
544167
544168
544169
544170
544171
544172
544173
544174
544175
544176
544177
544178
544179
544180
544181
544183
544184
544185
544186
544187
544188
544189
544190
544191
544192
544193
544194
544195
544197
544198
544199
544200
544201
544202
544203
544204
544205
544206
544207
544208
544209
544210
544211
544212
544213
544214
544215
544216
544217
544218
544219
544221
544222
544223
544224
544225
544226
544227
544229
544230
544232
544233
544234
544235
544236
555555
570002
570004
570005
590003
590005
590006
590013
590018
590021
590024
590025
590030
590031
590041
590051
590056
590057
590062
590065
590066
590068
590071
590072
590073
590075
590078
590086
590095
590096
590097
590098
590099
590101
590103
590104
590106
590107
590108
590109
590110
590113
590115
590134
590136
590137
590138
5PAISA
63MOONS
717504
750888
750891
750892
800258
800259
800265
800278
800288
800290
800297
800298
800315
800318
800320
800324
800325
800329
800330
800339
800340
800342
800385
800386
800431
800437
800438
800441
800442
800488
800517
800573
800575
800580
800588
800596
800603
800604
800605
800625
800645
800674
800677
800679
800681
804900
804901
804941
804944
804953
804956
804957
890157
890168
890190
890193
890196
890197
890200
890201
890202
890203
890205
890206
890207
935383
935506
935514
935540
935572
935574
935584
935612
935616
935638
935640
935662
935666
935672
935674
935682
935688
935752
935786
935864
935868
936048
936294
936374
936386
936398
936400
936412
936416
936492
936528
936578
936722
936810
936826
936930
936953
936969
936973
937009
937013
937017
937029
937085
937087
937091
937339
937355
937373
937385
937411
937455
937469
937495
937537
937623
937637
937653
937707
937721
937743
937763
937793
937795
937797
937805
937939
937993
937995
937997
938005
938009
938013
938093
938135
938149
938222
938226
938330
938346
938354
938358
938366
938370
938392
938430
938436
938470
938514
938524
938530
938532
938560
938574
938578
938648
938650
938652
938660
938694
938706
938708
938720
938734
938782
938786
938788
938790
938798
938814
938834
938852
938862
938868
938898
938900
938926
938932
938956
939026
939044
939062
939098
939102
939182
939192
939196
939202
939206
939208
939210
939236
939238
939266
939335
939391
939423
939443
939451
939481
939595
939621
939637
939643
939657
959072
959085
959756
961718
961728
961734
961744
961767
961791
961804
961816
961826
961839
961841
961851
961906
961917
972657
972715
973491
974043
974288
974561
974634
974635
974818
974979
975222
975272
975280
975454
975694
975766
975908
A2ZINFRA
AAATECH
AADHARHFC
AAKASH
AAREYDRUGS
AARON
AARTECH
AARTIDRUGS
AARTIIND
AARTIPHARM
AARTISURF
AARVEEDEN
AARVI
AATMAJ
AAVAS
ABAN
ABB
ABBOTINDIA
ABCAPITAL
ABCOTS
ABDL
ABFRL
ABGSEC
ABINFRA
ABMINTLLTD
ABSLAMC
ABSLLIQUID
ABSLPSE
ABSMARINE
ACC
ACCELYA
ACCENTMIC
ACCORD
ACCURACY
ACE
ACEINTEG
ACI
ACL
ACLGATI
ACSAL
ADANIENSOL
ADANIENT
ADANIGREEN
ADANIPORTS
ADANIPOWER
ADFFOODS
ADL
ADORWELD
ADROITINFO
ADROITPP1
ADSL
ADVANIHOTR
ADVENZYMES
AEGISLOG
AEROFLEX
AESTHETIK
AETHER
AFFLE
AFIL
AGARIND
AGI
AGIIL
AGNI
AGRITECH
AGROPHOS
AGSTRA
AGUL
AHL
AHLADA
AHLEAST
AHLUCONT
AIAENG
AIIL
AILIMITED
AIMTRON
AIRAN
AIROLAM
AISL
AJANTPHARM
AJMERA
AJOONI
AKANKSHA
AKASH
AKG
AKI
AKIKO
AKSHAR
AKSHARCHEM
AKSHOPTFBR
AKUMS
AKZOINDIA
ALANKIT
ALBERTDAVD
ALEMBICLTD
ALICON
ALKALI
ALKEM
ALKYLAMINE
ALLCARGO
ALLETEC
ALLSEC
ALMONDZ
ALOKINDS
ALPA
ALPEXSOLAR
ALPHA
ALPHAETF
ALPHAGEO
ALPL30IETF
ALPSINDUS
ALUWIND
AMBANIORGO
AMBER
AMBEY
AMBICAAGAR
AMBIKCO
AMBUJACEM
AMDIND
AMEYA
AMIORG
AMJLAND
AMJUMBO
AMNPLST
AMRUTANJAN
ANANDRATHI
ANANTRAJ
ANDHRAPAP
ANDHRSUGAR
ANGELONE
ANIKINDS
ANLON
ANMOL
ANNAPURNA
ANSALAPI
ANTGRAPHIC
ANUP
ANURAS
APARINDS
APCL
APCOTEXIND
APEX
APLAPOLLO
APLLTD
APOLLO
APOLLOHOSP
APOLLOPIPE
APOLLOTYRE
APOLSINHOT
APRAMEYA
APS
APTECHT
APTUS
ARABIAN
ARCHIDPLY
ARCHIES
ARE&M
ARENTERP
ARHAM
ARIES
ARIHANTACA
ARIHANTCAP
ARIHANTSUP
ARISTO
ARMANFIN
AROGRANITE
ARROWGREEN
ARSSINFRA
ARTEMISMED
ARTNIRMAN
ARVEE
ARVIND
ARVINDFASN
ARVSMART
ASAHIINDIA
ASAHISONG
ASAL
ASALCBR
ASHALOG
ASHAPURMIN
ASHIANA
ASHIMASYN
ASHOKA
ASHOKAMET
ASHOKLEY
ASIANENE
ASIANHOTNR
ASIANPAINT
ASIANTILES
ASKAUTOLTD
ASMS
ASPINWALL
ASPIRE
ASTEC
ASTERDM
ASTRAL
ASTRAMICRO
ASTRAZEN
ASTRON
ATALREAL
ATAM
ATFL
ATGL
ATL
ATLANTAA
ATMASTCO
ATUL
ATULAUTO
AUBANK
AURDIS
AURIONPRO
AUROIMPEX
AUROPHARMA
AURUM
AURUMPP1
AUSOMENT
AUTOAXLES
AUTOBEES
AUTOIETF
AUTOIND
AVADHSUGAR
AVALON
AVANTEL
AVANTIFEED
AVG
AVONMORE
AVPINFRA
AVROIND
AVTNPL
AWFIS
AWHCL
AWL
AXISBANK
AXISCADES
AXISGOLD
AXISILVER
AXITA
AXSENSEX
AYMSYNTEX
AZAD
BABAFP
BAFNAPH
BAGFILMS
BAHETI
BAIDFIN
BAJAJ-AUTO
BAJAJCON
BAJAJELEC
BAJAJFINSV
BAJAJHCARE
BAJAJHIND
BAJAJHLDNG
BAJEL
BAJFINANCE
BALAJITELE
BALAMINES
BALAXI
BALCO
BALKRISHNA
BALKRISIND
BALMLAWRIE
BALPHARMA
BALRAMCHIN
BALUFORGE
BANARBEADS
BANARISUG
BANCOINDIA
BANDHANBNK
BANG
BANKA
BANKBARODA
BANKBEES
BANKBETF
BANKETF
BANKETFADD
BANKIETF
BANKINDIA
BANKNIFTY
BANKNIFTY1
BANSALWIRE
BANSWRAS
BARBEQUE
BASF
BASILIC
BASML
BATAINDIA
BAWEJA
BAYERCROP
BBL
BBNPNBETF
BBOX
BBTC
BBTCL
BCLIND
BCONCEPTS
BDL
BEACON
BEARDSELL
BECTORFOOD
BEDMUTHA
BEL
BEML
BEPL
BERGEPAINT
BESTAGRO
BETA
BEWLTD
BFINVEST
BFSI
BFUTILITIE
BGRENERGY
BHAGCHEM
BHAGERIA
BHAGYANGR
BHANDARI
BHARATFORG
BHARATGEAR
BHARATRAS
BHARATWIRE
BHARTIARTL
BHARTIHEXA
BHEL
BIGBLOC
BIKAJI
BIL
BINANIIND
BIOCON
BIOFILCHEM
BIRDYS
BIRET
BIRLACABLE
BIRLACORPN
BIRLAMONEY
BLAL
BLBLIMITED
BLISSGVS
BLKASHYAP
BLS
BLSE
BLUECHIP
BLUEDART
BLUEJET
BLUEPEBBLE
BLUESTARCO
BMETRICS
BODALCHEM
BOMDYEING
BOROLTD
BORORENEW
BOROSCI
BOSCHLTD
BPCL
BPL
BRACEPORT
BRIGADE
BRITANNIA
BRNL
BROOKS
BSE
BSE500IETF
BSHSL
BSL
BSOFT
BTML
BULKCORP
BURNPUR
BUTTERFLY
BVCL
BYKE
CADSYS
CALSOFT
CAMLINFINE
CAMPUS
CAMS
CANARYS
CANBK
CANFINHOME
CANTABIL
CAPACITE
CAPITALSFB
CAPLIPOINT
CAPTRUST
CARBORUNIV
CAREERP
CARERATING
CARTRADE
CARYSIL
CASTROLIND
CBAZAAR
CCHHL
CCL
CDSL
CEATLTD
CEIGALL
CELEBRITY
CELLECOR
CELLO
CELLPOINT
CENTENKA
CENTEXT
CENTRALBK
CENTRUM
CENTUM
CENTURYPLY
CENTURYTEX
CERA
CEREBRAINT
CESC
CGCL
CGPOWER
CGRAPHICS
CHALET
CHAMBLFERT
CHAVDA
CHEMBOND
CHEMCON
CHEMFAB
CHEMPLASTS
CHENNPETRO
CHETANA
CHEVIOT
CHOICEIN
CHOLAFIN
CHOLAHLDNG
CIEINDIA
CIGNITITEC
CINELINE
CINEVISTA
CIPLA
CLEAN
CLEDUCATE
CLOUD
CLSEL
CLSL
CMMIPL
CMNL
CMRSL
CMSINFO
COALINDIA
COASTCORP
COCHINSHIP
COFFEEDAY
COFORGE
COLPAL
COMMITTED
COMMOIETF
COMPUSOFT
COMSYN
CONCOR
CONCORDBIO
CONFIPET
CONS
CONSOFINVT
CONSUMBEES
CONSUMIETF
CONTI
CONTROLPR
COOLCAPS
CORALFINAC
CORDSCABLE
COROMANDEL
COSMOFIRST
COUNCODOS
CPS
CRAFTSMAN
CRAYONS
CREATIVE
CREATIVEYE
CREDITACC
CREST
CRISIL
CROMPTON
CROWN
CSBBANK
CSLFINANCE
CTE
CUB
CUBEXTUB
CUMMINSIND
CUPID
CYBERMEDIA
CYBERTECH
CYIENT
CYIENTDLM
DABUR
DALBHARAT
DALMIASUG
DAMODARIND
DANGEE
DATAMATICS
DATAPATTNS
DAVANGERE
DBCORP
DBL
DBOL
DBREALTY
DBSTOCKBRO
DCAL
DCBBANK
DCG
DCI
DCM
DCMFINSERV
DCMNVL
DCMSHRIRAM
DCMSRIND
DCW
DCXINDIA
DECCANCE
DEEDEV
DEEM
DEEPAKFERT
DEEPAKNTR
DEEPENR
DEEPINDS
DELAPLEX
DELHIVERY
DELPHIFX
DELTACORP
DELTAMAGNT
DEN
DENEERS
DENORA
DENTALKART
DESTINY
DEVIT
DEVYANI
DGCONTENT
DHAMPURSUG
DHANBANK
DHANI
DHANUKA
DHARIWAL
DHARMAJ
DHRUV
DHTL
DHUNINV
DIACABS
DIAMINESQ
DIAMONDYD
DICIND
DIGIDRIVE
DIGIKORE
DIGISPICE
DIGJAMLMTD
DIL
DISHTV
DIVGIITTS
DIVISLAB
DIVOPPBEES
DIXON
DJML
DKEGL
DLF
DLINKINDIA
DMART
DMCC
DNAMEDIA
DODLA
DOLATALGO
DOLLAR
DOLLEX
DOLPHIN
DOMS
DONEAR
DPABHUSHAN
DPEL
DPSCLTD
DPWIRES
DRCSYSTEMS
DREAMFOLKS
DREDGECORP
DRONE
DRREDDY
DSSL
DTIL
DTL
DUCOL
DUCON
DUGLOBAL
DURLAX
DVL
DWARKESH
DYCL
DYNAMATECH
DYNAMIC
DYNPRO
E2E
EASEMYTRIP
EBBETF0433
ECLERX
EDELWEISS
EFACTOR
EFFWA
EFORCE
EGOLD
EICHERMOT
EIDPARRY
EIFFL
EIHAHOTELS
EIHOTEL
EIMCOELECO
EKC
ELDEHSG
ELECON
ELECTCAST
ELECTHERM
ELGIEQUIP
ELGIRUBCO
ELIN
EMAMILTD
EMAMIPAP
EMAMIREAL
EMBASSY
EMBDL
EMCURE
EMIL
EMKAY
EMKAYTOOLS
EMMBI
EMMIL
EMSLIMITED
EMUDHRA
ENDURANCE
ENERGYDEV
ENFUSE
ENGINERSIN
ENIL
ENSER
ENTERO
EPACK
EPIGRAL
EPL
EQUAL50ADD
EQUIPPP
EQUITASBNK
ERIS
EROSMEDIA
ESABINDIA
ESAFSFB
ESCONET
ESCORTS
ESFL
ESG
ESILVER
ESPRIT
ESSARSHPNG
ESSENTIA
ESTER
ETHOSLTD
EUROBOND
EUROTEXIND
EVEREADY
EVERESTIND
EVINDIA
EXCEL
EXCELINDUS
EXICOM
EXIDEIND
EXPLEOSOL
EXXARO
FACT
FAIRCHEMOR
FALCONTECH
FAZE3Q
FCL
FCSSOFT
FDC
FEDERALBNK
FEDFINA
FEL
FELDVR
FELIX
FIBERWEB
FIDEL
FIEMIND
FILATEX
FILATFASH
FINCABLES
FINEORG
FINIETF
FINOPB
FINPIPE
FIRSTCRY
FIVESTAR
FLAIR
FLEXITUFF
FLFL
FLUOROCHEM
FMCGIETF
FMGOETZE
FMNL
FOCE
FOCUS
FONEBOX
FOODSIN
FORCAS
FORCEMOT
FORTIS
FOSECOIND
FROG
FSL
FUSION
GABRIEL
GAEL
GAIL
GALAXYSURF
GALLANTT
GANDHAR
GANDHITUBE
GANECOS
GANESHBE
GANESHHOUC
GANGAFORGE
GANGESSECU
GARFIBRES
GATECH
GATECHDVR
GATEWAY
GEECEE
GEEKAYWIRE
GENCON
GENESYS
GENSOL
GENUSPAPER
GENUSPOWER
GEOJITFSL
GEPIL
GESHIP
GET&D
GFLLIMITED
GGBL
GHCL
GHCLTEXTIL
GICHSGFIN
GICL
GICRE
GILLANDERS
GILLETTE
GILT5YBEES
GINNIFILA
GIPCL
GIRIRAJ
GKWLIMITED
GLAND
GLAXO
GLENMARK
GLFL
GLOBAL
GLOBALE
GLOBALPET
GLOBALVECT
GLOBE
GLOBUSSPR
GLOSTERLTD
GLS
GMBREW
GMDCLTD
GMMPFAUDLR
GMRINFRA
GMRP&UI
GNA
GNFC
GOACARBON
GOCLCORP
GOCOLORS
GODFRYPHLP
GODHA
GODIGIT
GODREJAGRO
GODREJCP
GODREJIND
GODREJPROP
GOKEX
GOKUL
GOKULAGRO
GOLD1
GOLDBEES
GOLDCASE
GOLDENTOBC
GOLDETF
GOLDETFADD
GOLDIAM
GOLDIETF
GOLDSHARE
GOLDSTAR
GOLDTECH
GOODLUCK
GOPAL
GOYALALUM
GOYALSALT
GPECO
GPIL
GPPL
GPTHEALTH
GPTINFRA
GRANULES
GRAPHISAD
GRAPHITE
GRASIM
GRASIMPP1
GRAVITA
GRCL
GREAVESCOT
GREEN-RE1
GREENCHEF
GREENLAM
GREENPANEL
GREENPLY
GREENPOWER
GRINDWELL
GRINFRA
GRMOVER
GROBTEA
GROWWEV
GRPLTD
GRSE
GRWRHITECH
GSEC10ABSL
GSEC10IETF
GSEC10YEAR
GSEC5IETF
GSFC
GSLSU
GSMFOILS
GSPL
GSS
GSTL
GTECJAINX
GTL
GTLINFRA
GTPL
GUFICBIO
GUJALKALI
GUJAPOLLO
GUJGASLTD
GUJRAFFIA
GULFOILLUB
GULFPETRO
GULPOLY
GVKPIL
GVPTECH
HAL
HAPPSTMNDS
HAPPYFORGE
HARDWYN
HARIOMPIPE
HARRMALAYA
HARSHA
HATHWAY
HATSUN
HAVELLS
HAVISHA
HBLPOWER
HBSL
HCC
HCG
HCL-INSYS
HCLTECH
HDFCAMC
HDFCBANK
HDFCBSE500
HDFCGOLD
HDFCGROWTH
HDFCLIFE
HDFCLIQUID
HDFCLOWVOL
HDFCMID150
HDFCMOMENT
HDFCNEXT50
HDFCNIF100
HDFCNIFBAN
HDFCNIFIT
HDFCNIFTY
HDFCPSUBK
HDFCPVTBAN
HDFCQUAL
HDFCSENSEX
HDFCSILVER
HDFCSML250
HDFCVALUE
HEADSUP
HEALTHADD
HEALTHIETF
HEALTHY
HECPROJECT
HEG
HEIDELBERG
HEMIPROP
HERANBA
HERCULES
HERITGFOOD
HEROMOTOCO
HESTERBIO
HEUBACHIND
HEXATRADEX
HFCL
HGINFRA
HGS
HIGREEN
HIKAL
HIL
HILTON
HIMATSEIDE
HINDALCO
HINDCOMPOS
HINDCON
HINDCOPPER
HINDMOTORS
HINDOILEXP
HINDPETRO
HINDUNILVR
HINDWAREAP
HINDZINC
HIRECT
HISARMETAL
HITECH
HITECHCORP
HITECHGEAR
HLEGLAS
HLVLTD
HMAAGRO
HMT
HMVL
HNDFDS
HNGSNGBEES
HOLMARC
HOMEFIRST
HOMESFY
HONASA
HONAUT
HONDAPOWER
HOVS
HPAL
HPIL
HPL
HRHNEXT
HSCL
HTMEDIA
HUBTOWN
HUDCO
HUHTAMAKI
HYBRIDFIN
IBLFL
ICDSLTD
ICEMAKE
ICICIBANK
ICICIGI
ICICIPRULI
ICIL
ICRA
IDBI
IDEA
IDEAFORGE
IDEALTECHO
IDFC
IDFCFIRSTB
IEL
IEML
IEX
IFBAGRO
IFBIND
IFCI
IFGLEXPOR
IGARASHI
IGL
IGPL
IIFL
IIFLSEC
IITL
IKIO
IL&FSENGG
IL&FSTRANS
IMAGICAA
IMFA
IMPAL
IMPEXFERRO
INCREDIBLE
INDBANK
INDGN
INDHOTEL
INDIACEM
INDIAGLYCO
INDIAMART
INDIANB
INDIANCARD
INDIANHUME
INDIASHLTR
INDIAVIX
INDIGO
INDIGOPNTS
INDNIPPON
INDOAMIN
INDOBORAX
INDOCO
INDORAMA
INDOSTAR
INDOTECH
INDOTHAI
INDOWIND
INDRAMEDCO
INDSWFTLAB
INDSWFTLTD
INDTERRAIN
INDUSINDBK
INDUSTOWER
INFIBEAM
INFINIUM
INFOBEAN
INFOLLION
INFOMEDIA
INFRABEES
INFRAIETF
INFY
INGERRAND
INM
INNOVACAP
INNOVANA
INOXGREEN
INOXINDIA
INOXWIND
INSECTICID
INSPIRE
INSPIRISYS
INTELLECT
INTENTECH
INTERARCH
INTLCONV
INVENTURE
IOB
IOC
IOLCP
IONEXCHANG
IPCALAB
IPL
IPSL
IRB
IRCON
IRCTC
IREDA
IRFC
IRIS
IRISDOREME
IRMENERGY
ISEC
ISFT
ISGEC
ISHAN
IT
ITALIANE
ITBEES
ITC
ITDC
ITDCEM
ITETF
ITETFADD
ITI
ITIETF
IVC
IVP
IWEL
IXIGO
IZMO
J&KBANK
JAGRAN
JAGSNPHARM
JAIBALAJI
JAICORPLTD
JAINAM
JAIPURKURT
JALAN
JAMNAAUTO
JASH
JAYAGROGN
JAYBARMARU
JAYNECOIND
JAYSREETEA
JBCHEPHARM
JBMA
JCHAC
JETAIRWAYS
JETFREIGHT
JFLLIFE
JGCHEM
JHS
JINDALPHOT
JINDALPOLY
JINDALSAW
JINDALSTEL
JINDRILL
JINDWORLD
JIOFIN
JISLDVREQS
JISLJALEQS
JITFINFRA
JIWANRAM
JKCEMENT
JKIL
JKLAKSHMI
JKPAPER
JKTYRE
JLHL
JMA
JMFINANCIL
JNKINDIA
JOCIL
JPOLYINVST
JPPOWER
JSFB
JSL
JSLL
JSWENERGY
JSWHL
JSWINFRA
JSWSTEEL
JTEKTINDIA
JTLIND
JUBLFOOD
JUBLINDS
JUBLINGREA
JUBLPHARMA
JUNIORBEES
JUNIPER
JUSTDIAL
JWL
JYOTHYLAB
JYOTICNC
JYOTISTRUC
K2INFRA
KABRAEXTRU
KAJARIACER
KAKATCEM
KALAMANDIR
KALYANIFRG
KALYANKJIL
KAMATHOTEL
KAMDHENU
KAMOPAINTS
KANANIIND
KANDARP
KANORICHEM
KANPRPLA
KANSAINER
KAPSTON
KARMAENG
KARNIKA
KARURVYSYA
KATARIA
KAUSHALYA
KAVVERITEL
KAYA
KAYNES
KBCGLOBAL
KCEIL
KCK
KCP
KCPSUGIND
KDDL
KDL
KEC
KECL
KEEPLEARN
KEI
KEL
KELLTONTEC
KERNEX
KESORAMIND
KEYFINSERV
KFINTECH
KHADIM
KHAICHEM
KHAITANLTD
KHANDSE
KHFM
KICL
KILITCH
KIMS
KINGFA
KIOCL
KIRIINDUS
KIRLOSBROS
KIRLOSENG
KIRLOSIND
KIRLPNU
KITEX
KKCL
KLL
KMSUGAR
KNAGRI
KNRCON
KODYTECH
KOHINOOR
KOKUYOCMLN
KOLTEPATIL
KONSTELEC
KONTOR
KOPRAN
KORE
KOTAKBANK
KOTARISUG
KOTHARIPET
KOTHARIPRO
KOTYARK
KPIGREEN
KPIL
KPITTECH
KPRMILL
KRBL
KREBSBIO
KRIDHANINF
KRISHANA
KRISHCA
KRISHNADEF
KRITI
KRITIKA
KRITINUT
KRONOX
KRSNAA
KRYSTAL
KSB
KSCL
KSHITIJPOL
KSL
KSOLVES
KTKBANK
KTL
KUANTUM
LAGNAM
LAL
LALPATHLAB
LAMBODHARA
LANCORHOL
LANDMARK
LAOPALA
LASA
LATENTVIEW
LATTEYS
LAURUSLABS
LAWSIKHO
LAXMICOT
LAXMIMACH
LCCINFOTEC
LEMERITE
LEMONTREE
LEXUS
LFIC
LGBBROSLTD
LGHL
LIBAS
LIBERTSHOE
LICHSGFIN
LICI
LICMFGOLD
LICNMID100
LIKHITHA
LINC
LINCOLN
LINDEINDIA
LIQUID
LIQUID1
LIQUIDADD
LIQUIDBEES
LIQUIDBETF
LIQUIDCASE
LIQUIDIETF
LIQUIDSBI
LIQUIDSHRI
LLOYDS
LLOYDSENGG
LLOYDSME
LODHA
LOKESHMACH
LORDSCHLO
LOTUSEYE
LOVABLE
LOWVOL
LOWVOL1
LOWVOLIETF
LOYALTEX
LPDC
LRRPL
LT
LTF
LTFOODS
LTGILTBEES
LTIM
LTTS
LUMAXIND
LUMAXTECH
LUPIN
LUXIND
LXCHEM
LYKALABS
LYPSAGEMS
M&M
M&MFIN
MAANALU
MACOBSTECH
MACPOWER
MADHAV
MADHAVBAUG
MADHUCON
MADHUSUDAN
MADRASFERT
MAFANG
MAGADSUGAR
MAGNUM
MAGSON
MAHABANK
MAHAPEXLTD
MAHASTEEL
MAHEPC
MAHESHWARI
MAHICKRA
MAHKTECH
MAHLIFE
MAHLOG
MAHSCOOTER
MAHSEAMLES
MAITHANALL
MAITREYA
MAKEINDIA
MAL
MALLCOM
MALUPAPER
MANAKALUCO
MANAKCOAT
MANAKSIA
MANAKSTEEL
MANALIPETC
MANAPPURAM
MANCREDIT
MANDEEP
MANGALAM
MANGCHEFER
MANGLMCEM
MANINDS
MANINFRA
MANKIND
MANOMAY
MANORAMA
MANORG
MANUGRAPH
MANYAVAR
MAPMYINDIA
MARALOVER
MARATHON
MARCO
MARICO
MARINE
MARINETRAN
MARKSANS
MARSHALL
MARUTI
MASFIN
MASKINVEST
MASON
MASTEK
MATRIMONY
MAWANASUG
MAXESTATES
MAXHEALTH
MAXIND
MAXPOSURE
MAYURUNIQ
MAZDA
MAZDOCK
MBAPL
MBECL
MBLINFRA
MCL
MCLEODRUSS
MCON
MCX
MDL
MEDANTA
MEDIASSIST
MEDICAMEQ
MEDICO
MEDIORG
MEDPLUS
MEGAFLEX
MEGASOFT
MEGASTAR
MEGATHERM
MENONBE
METALIETF
METROBRAND
METROPOLIS
MFML
MFSL
MGEL
MGL
MHHL
MHLXMIRU
MHRIL
MICEL
MICROPRO
MID150BEES
MID150CASE
MIDCAP
MIDCAPETF
MIDCAPIETF
MIDHANI
MIDQ50ADD
MIDSELIETF
MIDSMALL
MIEL
MILTON
MINDACORP
MINDSPACE
MINDTECK
MIRCELECTR
MIRZAINT
MITCON
MITCONPP
MITTAL
MKPL
MMFL
MMP
MMTC
MNC
MODEFENCE
MODIRUBBER
MODISONLTD
MODTHREAD
MOGSEC
MOHEALTH
MOHITIND
MOIL
MOKSH
MOL
MOLDTECH
MOLDTKPAC
MOLOWVOL
MOM30IETF
MOMENTUM
MOMOMENTUM
MONARCH
MONIFTY500
MONOPHARMA
MONTECARLO
MOQUALITY
MOREALTY
MOREPENLAB
MOS
MOSMALL250
MOTHERSON
MOTILALOFS
MOTISONS
MOTOGENFIN
MOVALUE
MOXSH
MPHASIS
MPSLTD
MPTODAY
MRF
MRO-TEK
MRPL
MSPL
MSTCLTD
MSUMI
MTARTECH
MTEDUCARE
MTNL
MUFIN
MUFTI
MUKANDLTD
MUKKA
MUKTAARTS
MUNJALAU
MUNJALSHOW
MURUDCERA
MUTHOOTCAP
MUTHOOTFIN
MUTHOOTMF
MVGJL
MVKAGRO
MWL
NACLIND
NAGAFERT
NAGREEKCAP
NAGREEKEXP
NAHARCAP
NAHARINDUS
NAHARPOLY
NAHARSPING
NAM-INDIA
NAMAN
NARMADA
NATCOPHARM
NATHBIOGEN
NATIONALUM
NAUKRI
NAVA
NAVINFLUOR
NAVINIFTY
NAVKARCORP
NAVNETEDUL
NAZARA
NBCC
NBIFIN
NCC
NCLIND
NDGL
NDL
NDLVENTURE
NDRAUTO
NDTV
NECCLTD
NECLIFE
NELCAST
NELCO
NEOGEN
NEPHROCARE
NESCO
NESTLEIND
NETWEB
NETWORK18
NEULANDLAB
NEWGEN
NEWJAISA
NEXT50
NEXT50IETF
NEXTMEDIA
NFL
NGIL
NGLFINE
NH
NHPC
NIACL
NIBL
NIDAN
NIF100BEES
NIF100IETF
NIF10GETF
NIF5GETF
NIFITETF
NIFMID150
NIFTY ALPHA 50
NIFTY ALPHA LOW-VOLATILITY 30
NIFTY ALPHA QUALITY LOW-VOLATILITY 30
NIFTY ALPHA QUALITY VALUE LOW-VOLATILITY 30
NIFTY CONSUMER DURABLES
NIFTY CORE HOUSING
NIFTY DIVIDEND OPPORTUNITIES 50
NIFTY EV & NEW AGE AUTOMOTIVE
NIFTY FINANCIAL SERVICES 25/50
NIFTY FINANCIAL SERVICES EX-BANK
NIFTY GROWTH SECTORS 15
NIFTY HEALTHCARE INDEX
NIFTY HIGH BETA 50
NIFTY HOUSING
NIFTY INDIA CORPORATE GROUP INDEX - ADITYA BIRL
NIFTY INDIA CORPORATE GROUP INDEX - MAHINDRA GR
NIFTY INDIA CORPORATE GROUP INDEX - TATA GROUP
NIFTY INDIA CORPORATE GROUP INDEX - TATA GROUP 
NIFTY INDIA DEFENCE
NIFTY INDIA DIGITAL
NIFTY INDIA MANUFACTURING
NIFTY INDIA TOURISM
NIFTY IPO
NIFTY LARGEMIDCAP 250
NIFTY LOW VOLATILITY 50
NIFTY MICROCAP 250
NIFTY MIDCAP SELECT
NIFTY MIDCAP150 MOMENTUM 50
NIFTY MIDCAP150 QUALITY 50
NIFTY MIDSMALL FINANCIAL SERVICES
NIFTY MIDSMALL HEALTHCARE
NIFTY MIDSMALL INDIA CONSUMPTION
NIFTY MIDSMALL IT & TELECOM
NIFTY MIDSMALLCAP 400
NIFTY MIDSMALLCAP400 MOMENTUM QUALITY 100
NIFTY MOBILITY
NIFTY NEXT 50
NIFTY NON-CYCLICAL CONSUMER
NIFTY OIL & GAS
NIFTY QUALITY LOW-VOLATILITY 30
NIFTY REITS & INVITS
NIFTY RURAL
NIFTY SHARIAH 25
NIFTY SMALLCAP250 MOMENTUM QUALITY 100
NIFTY SMALLCAP250 QUALITY 50
NIFTY SME EMERGE
NIFTY TOP 10 EQUAL WEIGHT
NIFTY TOTAL MARKET
NIFTY TRANSPORTATION & LOGISTICS
NIFTY1
NIFTY100 ALPHA 30
NIFTY100 ENHANCED ESG
NIFTY100 EQUAL WEIGHT
NIFTY100 ESG
NIFTY100 ESG SECTOR LEADERS
NIFTY100 LIQUID 15
NIFTY100 LOW VOLATILITY 30
NIFTY100 QUALITY 30
NIFTY200
NIFTY200 ALPHA 30
NIFTY200 MOMENTUM 30
NIFTY200 QUALITY 30
NIFTY200 VALUE 30
NIFTY50 DIVIDEND POINTS
NIFTY50 EQUAL WEIGHT
NIFTY50 PR 1X INVERSE
NIFTY50 PR 2X LEVERAGE
NIFTY50 SHARIAH
NIFTY50 TR 1X INVERSE
NIFTY50 TR 2X LEVERAGE
NIFTY50 VALUE 20
NIFTY500 EQUAL WEIGHT
NIFTY500 LARGEMIDSMALL EQUAL-CAP WEIGHTED
NIFTY500 MOMENTUM 50
NIFTY500 MULTICAP 50:25:25
NIFTY500 MULTICAP INDIA MANUFACTURING 50:30:20
NIFTY500 MULTICAP INFRASTRUCTURE 50:30:20
NIFTY500 SHARIAH
NIFTY500 VALUE 50
NIFTY50ADD
NIFTYAUTO
NIFTYBEES
NIFTYBETF
NIFTYCOMMODITIES
NIFTYCONSUMPTION
NIFTYCPSE
NIFTYENERGY
NIFTYETF
NIFTYFINSERVICE
NIFTYFMGC
NIFTYIETF
NIFTYINFRA
NIFTYMEDIA
NIFTYMETAL
NIFTYMIDCAP50
NIFTYMIDCAPLIQ15
NIFTYMNC
NIFTYPHARMA
NIFTYPSE
NIFTYPSUBANK
NIFTYPVTBANK
NIFTYQLITY
NIFTYREALTY
NIFTYSERVSECTOR
NIFTYSMALLCAP250
NIFTYSMALLCAP50
NIITLTD
NIITMTS
NILAINFRA
NILASPACES
NILKAMAL
NINSYS
NIPPOBATRY
NIRAJ
NIRMAN
NITCO
NITINSPIN
NITIRAJ
NKIND
NLCINDIA
NMDC
NOCIL
NOIDATOLL
NORBTEAEXP
NOVAAGRI
NPBET
NPST
NRAIL
NRBBEARING
NRL
NSE100
NSE500
NSEIT
NSEMIDCAP
NSEMIDCAP150
NSENIFTY
NSESMLCAP100
NSIL
NSLNISP
NTPC
NUCLEUS
NURECA
NUVAMA
NUVOCO
NV20
NV20BEES
NV20IETF
NXST
NYKAA
OAL
OBCL
OBEROIRLTY
OCCL
OFSS
OIL
OILCOUNTUB
OILIETF
OLAELEC
OLECTRA
OLIL
OMAXAUTO
OMAXE
OMFURN
OMINFRAL
ONDOOR
ONELIFECAP
ONEPOINT
ONGC
ONMOBILE
ONWARDTEC
OPTIEMUS
ORBTEXP
ORCHPHARMA
ORIANA
ORICONENT
ORIENTALTL
ORIENTBELL
ORIENTCEM
ORIENTCER
ORIENTELEC
ORIENTHOT
ORIENTLTD
ORIENTPPR
ORIENTTECH
ORISSAMINE
ORTINLAB
OSIAHYPER
OSWALAGRO
OSWALGREEN
OSWALSEEDS
PAGEIND
PAISALO
PAKKA
PALASHSECU
PALREDTEC
PANACEABIO
PANACHE
PANAMAPET
PANSARI
PAR
PARACABLES
PARADEEP
PARAGMILK
PARAGON
PARAS
PARASPETRO
PARIN
PARKHOTELS
PARSVNATH
PARTYCRUS
PASUPTAC
PATANJALI
PATELENG
PATINTLOG
PATTECH
PAVNAIND
PAYTM
PCBL
PCCL
PCJEWELLER
PDMJEPAPER
PDSL
PEARLPOLY
PEL
PENIND
PENINLAND
PENTAGON
PERFECT
PERSISTENT
PETRONET
PFC
PFIZER
PFOCUS
PFS
PGEL
PGHH
PGHL
PGIL
PHANTOMFX
PHARMABEES
PHOENIXLTD
PIDILITIND
PIGL
PIIND
PILANIINVS
PILITA
PIONEEREMB
PITTIENG
PIXTRANS
PKTEA
PLADAINFO
PLASTIBLEN
PLATIND
PLAZACABLE
PNB
PNBGILTS
PNBHOUSING
PNC
PNCINFRA
POCL
PODDARHOUS
PODDARMENT
POKARNA
POLICYBZR
POLYCAB
POLYMED
POLYPLEX
POLYSIL
PONNIERODE
POONAWALLA
POSITRON
POWERGRID
POWERINDIA
POWERMECH
PPAP
PPL
PPLPHARMA
PPSL
PRAENG
PRAJIND
PRAKASH
PRAKASHSTL
PRAMARA
PRATHAM
PRAXIS
PRECAM
PRECISION
PRECOT
PRECWIRE
PREMEXPLN
PREMIERPOL
PRESSTONIC
PRESTIGE
PRICOLLTD
PRIMESECU
PRINCEPIPE
PRITI
PRITIKA
PRITIKAUTO
PRIVISCL
PRIZOR
PRLIND
PROLIFE
PROPEQUITY
PROZONER
PRSMJOHNSN
PRUDENT
PRUDMOULI
PSB
PSPPROJECT
PSUBANK
PSUBANKADD
PSUBNKBEES
PSUBNKIETF
PTC
PTCIL
PTL
PULZ
PUNJABCHEM
PURVA
PURVFLEXI
PVP
PVRINOX
PVSL
PVTBANIETF
PVTBANKADD
PYRAMID
QFIL
QMSMEDI
QUADPRO
QUAL30IETF
QUESS
QUESTLAB
QUICKHEAL
QUICKTOUCH
QVCEL
RACE
RADHIKAJWE
RADIANTCMS
RADICO
RADIOCITY
RADIOWALLA
RAILTEL
RAIN
RAINBOW
RAJESHEXPO
RAJINDLTD
RAJMET
RAJRATAN
RAJRILTD
RAJSREESUG
RAJTV
RALLIS
RAMANEWS
RAMAPHO
RAMASTEEL
RAMCOCEM
RAMCOIND
RAMCOSYS
RAMKY
RAMRAT
RANASUG
RANEENGINE
RANEHOLDIN
RATEGAIN
RATNAMANI
RATNAVEER
RAYMOND
RBA
RBL
RBLBANK
RBMINFRA
RBS
RBZJEWEL
RCDL
RCF
RECLTD
REDINGTON
REDTAPE
REFEX
REFRACTORY
REGENCERAM
RELAXO
RELCHEMQ
RELIABLE
RELIANCE
RELIGARE
RELINFRA
RELTD
REMSONSIND
REMUS
RENUKA
REPCOHOME
REPL
REPRO
RESPONIND
RETAIL
REXPIPES
RGL
RHFL
RHIM
RHL
RICHA
RICOAUTO
RIIL
RILINFRA
RISHABH
RITCO
RITES
RITEZONE
RKDL
RKEC
RKFORGE
RKSWAMY
RMDRIP
RML
RNFI
ROCKINGDCE
ROHLTD
ROLEXRINGS
ROLLT
ROML
ROSSARI
ROSSELLIND
ROTO
ROUTE
ROXHITECH
RPEL
RPGLIFE
RPOWER
RPPINFRA
RPPL
RPSGVENT
RPTECH
RRKABEL
RSSOFTWARE
RSWM
RSYSTEMS
RTNINDIA
RTNPOWER
RUBFILA
RUBYMILLS
RUCHINFRA
RUCHIRA
RULKA
RUPA
RUSHIL
RUSTOMJEE
RVHL
RVNL
S&SPOWER
SAAKSHI
SABAR
SABEVENTS
SABTNL
SADBHAV
SADBHIN
SADHAV
SADHNANIQ
SAFARI
SAGARDEEP
SAGCEM
SAH
SAHAJ
SAHAJSOLAR
SAHANA
SAHYADRI
SAIFL
SAIL
SAKAR
SAKHTISUG
SAKSOFT
SAKUMA
SALASAR
SALONA
SALSTEEL
SALZERELEC
SAMBHAAV
SAMHI
SAMMAANCAP
SAMPANN
SANCO
SANDESH
SANDHAR
SANDUMA
SANGAMIND
SANGHIIND
SANGHVIMOV
SANGINITA
SANOFI
SANSERA
SANSTAR
SANWARIA
SAPPHIRE
SARDAEN
SAREGAMA
SARLAPOLY
SAROJA
SARTELE
SARVESHWAR
SASKEN
SASTASUNDR
SATECH
SATIA
SATIN
SATINDLTD
SATIPOLY
SAURASHCEM
SBC
SBCL
SBFC
SBGLP
SBICARD
SBILIFE
SBIN
SBINEQWETF
SBISILVER
SCHAEFFLER
SCHAND
SCHNEIDER
SCI
SCILAL
SCML
SCPL
SDBL
SDL24BEES
SDL26BEES
SEAMECLTD
SECMARK
SECURCRED
SECURKLOUD
SEJALLTD
SEL
SELAN
SELMC
SEMAC
SENCO
SENSEXADD
SENSEXETF
SENSEXIETF
SEPC
SEQUENT
SERVICE
SERVOTECH
SESHAPAPER
SETCO
SFL
SGIL
SGL
SHAH
SHAHALLOYS
SHAILY
SHAKTIPUMP
SHALBY
SHALPAINTS
SHANKARA
SHANTHALA
SHANTI
SHANTIGEAR
SHARDACROP
SHARDAMOTR
SHAREINDIA
SHARIABEES
SHEETAL
SHEMAROO
SHERA
SHIGAN
SHILPAMED
SHIVALIK
SHIVAMAUTO
SHIVAMILLS
SHIVATEX
SHK
SHOPERSTOP
SHRADHA
SHREDIGCEM
SHREECEM
SHREEKARNI
SHREEOSFM
SHREEPUSHK
SHREERAMA
SHRENIK
SHREYANIND
SHREYAS
SHRIPISTON
SHRIRAMFIN
SHRIRAMPPS
SHRITECH
SHUBHLAXMI
SHYAMCENT
SHYAMMETL
SHYAMTEL
SIDDHIKA
SIEMENS
SIGACHI
SIGIND
SIGMA
SIGNATURE
SIGNORIA
SIGNPOST
SIKKO
SIL
SILGO
SILINV
SILKFLEX
SILLYMONKS
SILVER
SILVER1
SILVERADD
SILVERBEES
SILVERETF
SILVERIETF
SILVERTUC
SILVRETF
SIMBHALS
SIMPLEXINF
SINCLAIR
SINDHUTRAD
SINTERCOM
SIRCA
SIS
SITINET
SIYSIL
SJLOGISTIC
SJS
SJVN
SKFINDIA
SKIPPER
SKIPPERPP
SKMEGGPROD
SKP
SKYGOLD
SLONE
SMALLCAP
SMARTLINK
SMCGLOBAL
SMLISUZU
SMLT
SMSLIFE
SMSPHARMA
SNOWMAN
SOBHA
SOBHAPP
SOFTTECH
SOLARA
SOLARAPP
SOLARINDS
SOLEX
SOMANYCERA
SOMATEX
SOMICONVEY
SONACOMS
SONAMAC
SONAMLTD
SONATSOFTW
SONUINFRA
SOTL
SOUTHBANK
SOUTHWEST
SPAL
SPANDANA
SPARC
SPCENET
SPCL
SPECIALITY
SPECTRUM
SPECTSTM
SPENCERS
SPIC
SPLIL
SPLPETRO
SPMLINFRA
SPORTKING
SPRL
SREEL
SRF
SRGHFL
SRHHYPOLTD
SRIVASAVI
SRM
SRPL
SSDL
SSEGL
SSFL
SSWL
STANLEY
STAR
STARCEMENT
STARHEALTH
STARPAPER
STARTECK
STCINDIA
STEELCAS
STEELCITY
STEELXIND
STEL
STERTOOLS
STLTECH
STOVEKRAFT
STYLAMIND
STYRENIX
SUBEXLTD
SUBROS
SUDARSCHEM
SUKHJITS
SULA
SUMEETINDS
SUMICHEM
SUMIT
SUMMITSEC
SUNCLAY
SUNDARAM
SUNDARMFIN
SUNDARMHLD
SUNDRMBRAK
SUNDRMFAST
SUNFLAG
SUNLITE
SUNPHARMA
SUNTECK
SUNTV
SUPERHOUSE
SUPERSPIN
SUPRAJIT
SUPREMEENG
SUPREMEIND
SUPREMEINF
SUPREMEPWR
SUPRIYA
SURAJEST
SURAJLTD
SURANASOL
SURANAT&P
SURANI
SURYALAXMI
SURYAROSNI
SURYODAY
SUTLEJTEX
SUULD
SUVEN
SUVENPHAR
SUVIDHAA
SUYOG
SUZLON
SVLL
SVPGLOB
SWANENERGY
SWARAJ
SWARAJENG
SWASTIK
SWELECTES
SWSOLAR
SYLVANPLY
SYMPHONY
SYNCOMF
SYNGENE
SYNOPTICS
SYRMA
SYSTANGO
TAC
TAINWALCHM
TAJGVK
TAKE
TALBROAUTO
TANLA
TAPIFRUIT
TARACHAND
TARAPUR
TARC
TARIL
TARMAT
TARSONS
TASTYBITE
TATACHEM
TATACOMM
TATACONSUM
TATAELXSI
TATAGOLD
TATAINVEST
TATAMOTORS
TATAPOWER
TATASTEEL
TATATECH
TATSILV
TATVA
TBI
TBOTEK
TBZ
TCI
TCIEXP
TCIFINANCE
TCL
TCLCONS
TCNSBRANDS
TCPLPACK
TCS
TDPOWERSYS
TEAMLEASE
TECH
TECHIN
TECHLABS
TECHM
TECHNOE
TECILCHEM
TEGA
TEJASNET
TEMBO
TERASOFT
TEXINFRA
TEXMOPIPES
TEXRAIL
TFCILTD
TFL
TGBHOTELS
TGL
THANGAMAYL
THEINVEST
THEJO
THEMISMED
THERMAX
THOMASCOOK
THOMASCOTT
THYROCARE
TI
TIDEWATER
TIIL
TIINDIA
TIJARIA
TIL
TIMESCAN
TIMESGTY
TIMETECHNO
TIMKEN
TIPSFILMS
TIPSINDLTD
TIRUMALCHM
TIRUPATI
TIRUPATIFL
TITAGARH
TITAN
TMB
TNIDETF
TNPETRO
TNPL
TNTELE
TOKYOPLAST
TOP100CASE
TORNTPHARM
TORNTPOWER
TOTAL
TOUCHWOOD
TPHQ
TPLPLASTEH
TRACXN
TRANSTEEL
TRANSWIND
TREEHOUSE
TREJHARA
TREL
TRENT
TRF
TRIDENT
TRIDHYA
TRIGYN
TRITURBINE
TRIVENI
TROM
TRU
TRUST
TTKHLTCARE
TTKPRESTIG
TTL
TTML
TUNWAL
TV18BRDCST
TVSELECT
TVSHLTD
TVSMOTOR
TVSSCS
TVSSRICHAK
TVTODAY
TVVISION
UBL
UCAL
UCOBANK
UDAICEMENT
UDS
UFLEX
UFO
UGARSUGAR
UGROCAP
UJJIVANSFB
ULTRACEMCO
UMA
UMAEXPORTS
UMANGDAIRY
UMESLTD
UNICHEMLAB
UNIDT
UNIECOM
UNIENTER
UNIHEALTH
UNIINFO
UNIONBANK
UNIPARTS
UNITDSPR
UNITECH
UNITEDPOLY
UNITEDTEA
UNIVASTU
UNIVCABLES
UNIVPHOTO
UNOMINDA
UPL
URAVI
URBAN
URJA
USHAMART
USK
UTIAMC
UTKARSHBNK
UTSSAV
UTTAMSUGAR
V2RETAIL
VADILALIND
VAIBHAVGBL
VAISHALI
VAKRANGEE
VALIANTLAB
VALIANTORG
VARDHACRLC
VARDMNPOLY
VARROC
VASA
VASCONEQ
VASWANI
VBL
VEDL
VEEKAYEM
VENKEYS
VENUSPIPES
VENUSREM
VERANDA
VERITAAS
VERTOZ
VESUVIUS
VETO
VGUARD
VHL
VHLTD
VIAZ
VIDHIING
VIJAYA
VIJIFIN
VIKASECO
VIKASLIFE
VILAS
VILINBIO
VIMTALABS
VINATIORGA
VINDHYATEL
VINEETLAB
VINNY
VINNY-RE
VINSYS
VINYAS
VINYLINDIA
VIPCLOTHNG
VIPIND
VIPULLTD
VIRINCHI
VISAKAIND
VISAMAN
VISHNU
VISHNUINFR
VISHWARAJ
VISHWAS
VITAL
VIVIANA
VIVIDHA
VLEGOV
VLINFRA
VLSFINANCE
VMARCIND
VMART
VOLTAMP
VOLTAS
VPRPL
VR
VRAJ
VRLLOG
VSCL
VSSL
VSTIND
VSTL
VSTTILLERS
VTL
WABAG
WALCHANNAG
WALPAR
WANBURY
WEALTH
WEBELSOLAR
WEIZMANIND
WEL
WELCORP
WELENT
WELINV
WELSPUNLIV
WENDT
WESTLIFE
WEWIN
WHEELS
WHIRLPOOL
WILLAMAGOR
WINDLAS
WINDMACHIN
WINSOL
WINSOME
WIPL
WIPRO
WOCKPHARMA
WONDERLA
WORTH
WSI
WSTCSTPAPR
WTICAB
XCHANGING
XELPMOC
XPROINDIA
YAARI
YASHO
YASHOPTICS
YATHARTH
YATRA
YCCL
YESBANK
YUDIZ
YUKEN
ZAGGLE
ZEAL
ZEEL
ZEELEARN
ZEEMEDIA
ZENITHDRUG
ZENITHEXPO
ZENITHSTL
ZENSARTECH
ZENTEC
ZFCVINDIA
ZIMLAB
ZODIAC
ZODIACLOTH
ZOMATO
ZOTA
ZTECH
ZUARI
ZUARIIND
ZYDUSLIFE
ZYDUSWELL
