21STCENMGM
500016
500322
VHL
HINDMOTORS
TCIFINANCE
501700
SWANENERGY
503816
504220
504351
505693
505725
506640
507912
507946
508905
AUSOMENT
509053
SEL
509470
511018
511122
VLSFINANCE
511391
511571
511628
511654
511688
511696
511700
511726
512020
512115
512149
512217
512329
512393
512399
512415
512441
512443
512463
512489
512589
512597
512600
512618
513337
513452
513496
513536
513575
514060
514171
REGENCERAM
ASHIANA
POONAWALLA
ASIANENE
531176
531199
531203
531205
531237
531240
531255
531278
531314
531525
531552
531692
531694
531900
531910
531925
531968
531982
531997
532053
532216
532284
532323
532333
PNC
532676
KERNEX
532759
GEECEE
532850
OMAXE
NAGREEKCAP
532975
LPDC
SHAH
SUMMITSEC
DHUNINV
ZENTEC
ONELIFECAP
INDOTHAI
HEXATRADEX
534618
535136
536659
536846
537800
538446
538521
538609
538647
538668
538713
538770
538895
538920
INOXWIND
539090
AIIL
539199
539217
539218
539291
539435
539506
539552
539561
539584
539607
539662
539834
539854
539946
540006
540097
540132
540168
540190
540267
TEJASNET
540703
540874
541358
NILASPACES
GENSOL
543230
IWEL
VERANDA
NXST
JIOFIN
543976
ATLANTAA
HBSL
KEYFINSERV
LFIC
MCL
MICEL
NDGL
NIRMAN
NITIRAJ
PANSARI
RAJRILTD
SABTNL
SUNDARMHLD
VIPULLTD
WSI
