TICKER, DATE, OPEN, HIGH, LOW, CLOSE, VOLUME,OI
BANKNIFTY-I,20231005,44350,44550,44280,44411.7,130764,2540265
BANKNIFTY-II,20231005,44600,44825.95,44599.95,44689.95,4807,193245
BANKNIFTY-III,20231005,44912.95,45057,44829.65,44943.85,1244,23130
FINNIFTY-I,20231005,19774.75,19868.95,19760,19800.65,910,54760
FINNIFTY-II,20231005,19778,19929.1,19778,19912.95,21,1120
FINNIFTY-III,20231005,19933,19992.35,19800.05,19800.05,14,360
MIDCPNIFTY-I,20231005,8990.05,9059.95,8971.1,8990.7,3008,441450
MIDCPNIFTY-II,20231005,9035,9088.9,8974,8983.15,22,4425
MIDCPNIFTY-III,20231005,9030.85,9030.85,9030.85,9030.85,2,825
NIFTY-I,20231005,19535,19616.45,19514.5,19568,134410,11072400
NIFTY-II,20231005,19638,19730,19631.6,19689.15,5470,892150
NIFTY-III,20231005,19753.55,19839,19753.55,19798.4,2603,164400
AARTIIND-I,20231005,489.55,492.55,486.5,488.3,1468,13863000
AARTIIND-II,20231005,492.8,495.9,490.05,492.15,141,634000
AARTIIND-III,20231005,497.95,499,495,496.2,33,161000
ABB-I,20231005,4080,4131.7,4021.9,4087.7,1874,1333750
ABB-II,20231005,4092.65,4153.55,4064.2,4120.65,50,26250
ABB-III,20231005,4121,4121,4121,4121,1,500
ABBOTINDIA-I,20231005,22904.9,23059.95,22802,22925.15,269,73760
ABBOTINDIA-II,20231005,23062.15,23135.5,23020,23034.8,10,1080
ABBOTINDIA-III,20231005,0,0,0,22774.15,0,0
ABCAPITAL-I,20231005,176.85,178.45,175.3,176.3,793,38907000
ABCAPITAL-II,20231005,179.1,179.55,176.65,177.55,26,837000
ABCAPITAL-III,20231005,178,178,178,178,1,43200
ABFRL-I,20231005,213.95,219.7,213.8,217.95,3115,29218800
ABFRL-II,20231005,214.45,219.7,214.45,218.1,348,1284400
ABFRL-III,20231005,217.5,220.5,217.5,218.15,7,23400
ACC-I,20231005,2022.75,2035,2002.5,2006.7,1466,5777700
ACC-II,20231005,2041.9,2044.45,2018,2020.8,22,31500
ACC-III,20231005,2038.45,2038.45,2030.15,2030.15,5,1500
ADANIENT-I,20231005,2495,2498.95,2454.7,2478.9,6171,9282000
ADANIENT-II,20231005,2509.65,2514.4,2476.7,2496.15,217,156900
ADANIENT-III,20231005,2508.65,2514.3,2501.6,2514,19,9000
ADANIPORTS-I,20231005,831.8,834.6,823.55,829.35,5375,52579200
ADANIPORTS-II,20231005,836.45,840,830,835.25,138,379200
ADANIPORTS-III,20231005,839,842.25,836.9,842.25,4,15200
ALKEM-I,20231005,3495.15,3521,3468.3,3474.6,582,844800
ALKEM-II,20231005,3522.8,3535.4,3494.15,3495.6,8,12000
ALKEM-III,20231005,3552.2,3552.2,3552.2,3552.2,1,200
AMBUJACEM-I,20231005,432.35,437.3,430.15,434.25,2763,63703800
AMBUJACEM-II,20231005,436.55,438.8,435.25,437.5,66,952200
AMBUJACEM-III,20231005,441,441,441,441,2,12600
APOLLOHOSP-I,20231005,5063.05,5102.95,5049.95,5071.1,1978,2310500
APOLLOHOSP-II,20231005,5108.3,5136.15,5091,5102.65,33,12750
APOLLOHOSP-III,20231005,5147.85,5147.85,5147.85,5147.85,1,375
APOLLOTYRE-I,20231005,372.45,377.85,371,374.2,2456,9994300
APOLLOTYRE-II,20231005,374.75,378.5,372.5,375.2,87,300900
APOLLOTYRE-III,20231005,377.55,379.3,375.2,375.2,6,10200
ASHOKLEY-I,20231005,174.65,175.7,172.55,173.1,3444,77780000
ASHOKLEY-II,20231005,175.65,176.9,173.8,174.35,155,1985000
ASHOKLEY-III,20231005,178,178,175.05,175.7,25,170000
ASIANPAINT-I,20231005,3240.75,3242.25,3188.05,3219.8,8724,5732200
ASIANPAINT-II,20231005,3240,3257.1,3207.75,3235.8,244,85600
ASIANPAINT-III,20231005,3235,3261.65,3229.85,3253.45,33,5800
ASTRAL-I,20231005,1889.5,1895,1864.4,1865.5,1206,3165375
ASTRAL-II,20231005,1890.7,1892.1,1873,1874.05,32,24222
ASTRAL-III,20231005,1895,1895,1885,1885,6,3303
ATUL-I,20231005,6914,6978.55,6845.85,6961.6,743,405900
ATUL-II,20231005,6911.35,6946.9,6819.95,6930.35,98,8025
ATUL-III,20231005,6914.05,6914.05,6878.95,6879,3,300
AUBANK-I,20231005,709.95,717.65,703.15,714.7,3749,14194000
AUBANK-II,20231005,700,713.7,700,710.55,214,419000
AUBANK-III,20231005,701,709.95,701,707.9,47,41000
AUROPHARMA-I,20231005,885.6,893.1,876.3,881.2,1898,14513400
AUROPHARMA-II,20231005,893.95,897.45,881.5,886.2,58,174900
AUROPHARMA-III,20231005,900,900,890.4,891.05,5,29700
AXISBANK-I,20231005,1000.65,1010.4,992.45,1007.2,23330,51458125
AXISBANK-II,20231005,1005.5,1017,1000.25,1014.2,398,604375
AXISBANK-III,20231005,1012.4,1023,1011.25,1021,38,35625
BAJAJ-AUTO-I,20231005,4949.75,5049.25,4939.15,5024.05,2690,2130000
BAJAJ-AUTO-II,20231005,4977.05,5076.95,4970,5051.1,78,38750
BAJAJ-AUTO-III,20231005,0,0,0,5102,0,250
BAJAJFINSV-I,20231005,1539.05,1559.75,1536,1549.1,3152,9986000
BAJAJFINSV-II,20231005,1551.2,1569.85,1547.45,1559.85,90,181000
BAJAJFINSV-III,20231005,1573,1576.35,1560.25,1570,11,14000
BAJFINANCE-I,20231005,7913.95,7931.9,7840,7880.9,9821,3952750
BAJFINANCE-II,20231005,7964.65,7979,7895,7931.1,179,83125
BAJFINANCE-III,20231005,7978.65,8010,7978.65,8002,8,3625
BALKRISIND-I,20231005,2534.85,2594.25,2517.8,2572.85,2142,1896300
BALKRISIND-II,20231005,2554.25,2596.45,2554.25,2577.8,47,11100
BALKRISIND-III,20231005,0,0,0,2590.6,0,0
BALRAMCHIN-I,20231005,429.65,433.8,423.6,425.7,971,10153600
BALRAMCHIN-II,20231005,434.35,436,428.2,429,31,185600
BALRAMCHIN-III,20231005,0,0,0,451.95,0,0
BANDHANBNK-I,20231005,257,257,249.15,249.85,7431,65322500
BANDHANBNK-II,20231005,256.9,258.3,251.1,251.7,262,1225000
BANDHANBNK-III,20231005,258.3,258.3,253,253.2,16,72500
BANKBARODA-I,20231005,214.15,215.2,210.35,213.05,5941,112115250
BANKBARODA-II,20231005,215.9,216.8,212.05,214.6,175,3246750
BANKBARODA-III,20231005,217.55,218,214,215.9,14,193050
BATAINDIA-I,20231005,1616.15,1624,1607.25,1622.75,804,1273875
BATAINDIA-II,20231005,1616.5,1622.1,1605.6,1620.35,21,38250
BATAINDIA-III,20231005,0,0,0,1630.95,0,1125
BEL-I,20231005,139.6,141.9,138.9,139.7,3019,62272500
BEL-II,20231005,140.95,142.8,139.9,140.65,167,2086200
BEL-III,20231005,143.35,143.5,141.5,141.5,7,57000
BERGEPAINT-I,20231005,567.15,569.75,561.2,563.35,1089,11359920
BERGEPAINT-II,20231005,561.55,563.8,558.5,559.9,44,693000
BERGEPAINT-III,20231005,559.95,559.95,557.9,557.9,5,80520
BHARATFORG-I,20231005,1075,1079.85,1066.1,1075.1,1567,9102000
BHARATFORG-II,20231005,1098,1098,1075.6,1081.55,32,108000
BHARATFORG-III,20231005,1090,1090,1080,1080,4,34000
BHARTIARTL-I,20231005,924,930.3,922.15,929.15,5285,35227900
BHARTIARTL-II,20231005,929.25,935,928.25,934.35,291,599450
BHARTIARTL-III,20231005,938.25,939.45,937.3,939.45,3,7600
BHEL-I,20231005,129,131.1,127.5,127.75,3118,107677500
BHEL-II,20231005,130.2,132,128.5,128.75,152,2950500
BHEL-III,20231005,131.3,132.55,129.55,129.8,17,283500
BIOCON-I,20231005,267.8,268.65,264,264.4,966,27302500
BIOCON-II,20231005,269.35,270.6,266,266.35,49,997500
BIOCON-III,20231005,271.5,272.3,267.85,268.55,7,35000
BOSCHLTD-I,20231005,18787.75,18934.2,18730,18912.7,293,118050
BOSCHLTD-II,20231005,18971.7,18996.85,18900,18980.9,12,1600
BOSCHLTD-III,20231005,0,0,0,19668.25,0,0
BPCL-I,20231005,346,349.4,343.65,346.15,3986,27637200
BPCL-II,20231005,349.6,351.4,345.9,348.25,135,736200
BPCL-III,20231005,351.05,351.05,348.75,348.9,11,36000
BRITANNIA-I,20231005,4523.3,4561.3,4511,4540.95,1666,1860200
BRITANNIA-II,20231005,4593.55,4593.55,4542.8,4568.15,54,29800
BRITANNIA-III,20231005,4592.25,4592.25,4592.25,4592.25,1,400
BSOFT-I,20231005,500,516.3,496.65,514.9,5301,8272000
BSOFT-II,20231005,498.7,517.45,498.7,516.4,254,222000
BSOFT-III,20231005,508,517.55,508,517.55,8,12000
CANBK-I,20231005,376.4,380.55,371.6,372.25,6511,48354300
CANBK-II,20231005,380.05,383.1,374.5,375.1,215,1007100
CANBK-III,20231005,383,384.6,377.2,377.35,26,81000
CANFINHOME-I,20231005,760.5,773.1,760,762.05,1030,3838575
CANFINHOME-II,20231005,767.8,777.6,766.8,767.4,46,58500
CANFINHOME-III,20231005,779.9,779.95,779.9,779.95,2,11700
CHAMBLFERT-I,20231005,274,276.65,272,273.55,544,11424700
CHAMBLFERT-II,20231005,275.9,278.15,274.5,275.35,80,516800
CHAMBLFERT-III,20231005,277,277,277,277,2,17100
CHOLAFIN-I,20231005,1214.55,1230.3,1190.45,1203.2,2813,14437500
CHOLAFIN-II,20231005,1221.3,1221.55,1200,1212.05,55,297500
CHOLAFIN-III,20231005,1218.05,1218.05,1206.7,1216.6,8,18750
CIPLA-I,20231005,1173.1,1175.9,1160.45,1166.9,2426,9620000
CIPLA-II,20231005,1181.5,1182.5,1167.85,1175,53,91000
CIPLA-III,20231005,1182.85,1182.85,1180.3,1180.3,3,2600
COALINDIA-I,20231005,290,291.25,284.7,290.15,4038,74361000
COALINDIA-II,20231005,289.7,291,285,290.1,213,1675800
COALINDIA-III,20231005,290.5,291.6,286.85,290.8,19,168000
COFORGE-I,20231005,5178.75,5255,5160,5212.4,3833,1343850
COFORGE-II,20231005,5169.9,5258.85,5165.05,5212.35,93,21750
COFORGE-III,20231005,0,0,0,5160,0,150
COLPAL-I,20231005,1991.6,1999.45,1977.25,1993.9,1353,3138450
COLPAL-II,20231005,1989,1992,1975,1988.55,19,18900
COLPAL-III,20231005,0,0,0,1986.75,0,350
CONCOR-I,20231005,716,726.6,712.05,713.1,1592,5928000
CONCOR-II,20231005,723,726.45,715.6,716.3,38,67000
CONCOR-III,20231005,0,0,0,721.8,0,1000
COROMANDEL-I,20231005,1145.1,1181,1145.05,1170.9,2579,1367100
COROMANDEL-II,20231005,1162,1184.35,1161.7,1177.05,78,57400
COROMANDEL-III,20231005,1170,1174.95,1170,1174.95,2,4200
CROMPTON-I,20231005,305.1,306.45,301,301.45,868,11775600
CROMPTON-II,20231005,307.1,307.95,302.9,303.45,39,216000
CROMPTON-III,20231005,309.5,309.5,305.5,305.5,8,27000
CUB-I,20231005,126.2,127.45,125.35,125.75,1145,41200000
CUB-II,20231005,127.1,128.45,126.45,126.7,58,1600000
CUB-III,20231005,128.6,128.6,127.45,127.45,9,110000
CUMMINSIND-I,20231005,1695.25,1701.9,1680.35,1694.15,1052,4975800
CUMMINSIND-II,20231005,1696.15,1703,1682.4,1697.8,34,65400
CUMMINSIND-III,20231005,0,0,0,1680,0,2400
DABUR-I,20231005,557.75,559.2,549.7,553.5,2565,16296250
DABUR-II,20231005,557.75,558,551.25,554.85,50,141250
DABUR-III,20231005,0,0,0,558,0,8750
DALBHARAT-I,20231005,2299.95,2323.7,2233.35,2269.6,2323,1625000
DALBHARAT-II,20231005,2327.45,2327.45,2247.15,2280,30,14000
DALBHARAT-III,20231005,0,0,0,2382.15,0,0
DEEPAKNTR-I,20231005,2099,2125.5,2096.55,2114.15,992,2174100
DEEPAKNTR-II,20231005,2128,2132.75,2119.9,2125.55,23,45600
DEEPAKNTR-III,20231005,0,0,0,2115,0,1200
DELTACORP-I,20231005,138.25,138.95,135.5,136.75,220,12474000
DELTACORP-II,20231005,138.95,139.3,137.3,137.3,10,1713600
DELTACORP-III,20231005,139.05,139.05,139.05,139.05,1,145600
DIVISLAB-I,20231005,3670.2,3714.6,3667.7,3706.4,2445,2272400
DIVISLAB-II,20231005,3697.9,3731.45,3691,3725.85,75,61800
DIVISLAB-III,20231005,3724.6,3725,3705,3705,7,2600
DIXON-I,20231005,5255.5,5266.45,5162.95,5174.15,1877,1266200
DIXON-II,20231005,5261.15,5278,5185.1,5192.7,64,32800
DIXON-III,20231005,5228.75,5228.8,5214.3,5214.3,3,2000
DLF-I,20231005,529.4,535.5,526.9,527.65,4373,34065900
DLF-II,20231005,533.1,538.2,531,531.45,128,433950
DLF-III,20231005,541.1,541.45,534,534.5,8,34650
DRREDDY-I,20231005,5465.2,5487.7,5414.9,5432.95,3145,2621000
DRREDDY-II,20231005,5520.65,5520.65,5455.35,5470.7,83,17625
DRREDDY-III,20231005,5522.5,5522.5,5503.8,5503.8,2,2125
EICHERMOT-I,20231005,3445.25,3459.4,3402.1,3448.1,4358,3196725
EICHERMOT-II,20231005,3432.25,3479.85,3427.35,3469.75,169,71925
EICHERMOT-III,20231005,3490,3490,3483.4,3484,4,5600
ESCORTS-I,20231005,3198.3,3294.4,3181,3250.4,4916,1929950
ESCORTS-II,20231005,3212.6,3300,3197.8,3260.4,92,36575
ESCORTS-III,20231005,3292.3,3298,3282.4,3282.4,6,1925
EXIDEIND-I,20231005,259.2,260.5,256,257.7,894,15516000
EXIDEIND-II,20231005,260.15,262.15,258,259.6,27,637200
EXIDEIND-III,20231005,0,0,0,260.8,0,21600
FEDERALBNK-I,20231005,148.35,149.1,144.85,145.8,4490,108300000
FEDERALBNK-II,20231005,149.65,149.8,146.05,146.85,186,2615000
FEDERALBNK-III,20231005,150.4,150.8,147.5,147.9,32,305000
GAIL-I,20231005,122.5,123.8,122.2,123.25,2608,146372550
GAIL-II,20231005,123.75,124.55,123.1,124.1,110,3577650
GAIL-III,20231005,124.55,125.1,124.1,124.7,7,192150
GLENMARK-I,20231005,814.25,818.2,793.55,797.35,1565,7758950
GLENMARK-II,20231005,818.7,822.4,799.3,802.65,72,195750
GLENMARK-III,20231005,810.3,810.3,809.75,809.75,2,17400
GMRINFRA-I,20231005,59.3,60.55,59.3,59.75,656,131580000
GMRINFRA-II,20231005,59.85,60.75,59.85,60.2,39,3420000
GMRINFRA-III,20231005,61.05,61.05,60.65,60.65,6,225000
GNFC-I,20231005,621.15,628.3,613,615.45,1245,8775000
GNFC-II,20231005,626.8,632.2,618.3,619.95,42,123500
GNFC-III,20231005,636.95,636.95,636.95,636.95,1,2600
GODREJCP-I,20231005,1000.9,1000.9,977.35,981.5,1897,9939000
GODREJCP-II,20231005,1001,1001,984.1,988.35,48,64000
GODREJCP-III,20231005,0,0,0,1008.45,0,0
GODREJPROP-I,20231005,1568.1,1615.35,1568.1,1606.6,2995,3926825
GODREJPROP-II,20231005,1586.3,1624.85,1586.25,1617.6,107,73625
GODREJPROP-III,20231005,1620,1620,1620,1620,1,1425
GRANULES-I,20231005,361.05,362.5,353,354.65,1490,10878000
GRANULES-II,20231005,363.35,365,356.4,357.3,52,230000
GRANULES-III,20231005,365,365,365,365,1,6000
GRASIM-I,20231005,1903.1,1914.3,1891,1895.05,1608,12176150
GRASIM-II,20231005,1922.95,1922.95,1905.1,1905.9,17,55575
GRASIM-III,20231005,1921,1921,1920.75,1921,3,1900
GUJGASLTD-I,20231005,427.6,427.6,421.9,423.05,876,11375000
GUJGASLTD-II,20231005,427.8,427.8,425.15,426,49,613750
GUJGASLTD-III,20231005,429.35,430,428.6,428.6,15,20000
HAL-I,20231005,1940,1978.35,1935,1953.95,5742,9193800
HAL-II,20231005,1945,1984.25,1943.65,1960.9,264,318600
HAL-III,20231005,1962.85,1991.55,1962.85,1970.8,26,23400
HAVELLS-I,20231005,1405,1431,1401,1416.85,2614,5746500
HAVELLS-II,20231005,1410,1439,1410,1425.65,84,48000
HAVELLS-III,20231005,1433,1433,1433,1433,1,2500
HCLTECH-I,20231005,1244.9,1248,1220.15,1229.05,7253,10267600
HCLTECH-II,20231005,1250.9,1255.95,1229.6,1238.05,175,147700
HCLTECH-III,20231005,1255.4,1261.35,1239.2,1245.2,22,22400
HDFCAMC-I,20231005,2661.95,2702.15,2645,2651.1,2590,4452900
HDFCAMC-II,20231005,2657.75,2682,2630.05,2637.3,150,112800
HDFCAMC-III,20231005,2650,2666.7,2630,2630,27,11700
HDFCBANK-I,20231005,1538.5,1560,1537.05,1541.65,38680,156695550
HDFCBANK-II,20231005,1556.4,1566.3,1551,1552.9,1522,3797200
HDFCBANK-III,20231005,1572.85,1577.35,1563.2,1564.6,179,168850
HDFCLIFE-I,20231005,628.6,630.85,623.25,627.5,2613,16173300
HDFCLIFE-II,20231005,631.6,633.3,628.25,631.65,60,138600
HDFCLIFE-III,20231005,633.5,636,633.5,636,3,4400
HEROMOTOCO-I,20231005,3028.95,3048,2997.95,3020.05,3697,3689100
HEROMOTOCO-II,20231005,3022.8,3061.95,3017,3033.95,89,102900
HEROMOTOCO-III,20231005,3053,3053,3053,3053,1,900
HINDALCO-I,20231005,482.9,484.25,470.75,472.8,3593,22423800
HINDALCO-II,20231005,482.15,482.25,474.6,476.2,142,565600
HINDALCO-III,20231005,483,483,477.4,479.35,12,106400
HINDCOPPER-I,20231005,157.5,158.35,154,154.5,936,33183300
HINDCOPPER-II,20231005,158.55,159.5,155.05,155.6,100,704900
HINDCOPPER-III,20231005,160,160.25,156.5,156.6,12,68900
HINDPETRO-I,20231005,255.5,263.95,253.5,254.85,3585,49755600
HINDPETRO-II,20231005,259,264.75,255.45,256.7,116,553500
HINDPETRO-III,20231005,0,0,0,262.9,0,5400
HINDUNILVR-I,20231005,2518.3,2520.6,2495,2518,8878,6996300
HINDUNILVR-II,20231005,2513.8,2526.2,2500,2523.85,845,1955400
HINDUNILVR-III,20231005,2528.8,2530.45,2520,2530.45,26,11100
IBULHSGFIN-I,20231005,172.55,175.35,168,170.65,374,56584500
IBULHSGFIN-II,20231005,0,0,0,172.7,0,2820300
IBULHSGFIN-III,20231005,0,0,0,185.25,0,51000
ICICIBANK-I,20231005,939.75,947.2,937.95,943,23495,96784800
ICICIBANK-II,20231005,946,953.9,944.1,949.7,483,1979600
ICICIBANK-III,20231005,955,960,955,956.4,61,121100
ICICIGI-I,20231005,1284.55,1319.25,1284.55,1303.25,732,2903500
ICICIGI-II,20231005,1318.3,1320.45,1308.4,1308.4,10,30000
ICICIGI-III,20231005,1328,1328,1328,1328,1,1500
ICICIPRULI-I,20231005,556.75,560.95,552.35,554.05,907,6793500
ICICIPRULI-II,20231005,560.2,560.2,556.25,557,7,58500
ICICIPRULI-III,20231005,0,0,0,576.35,0,0
IDEA-I,20231005,11.55,11.65,11.1,11.35,4016,1463680000
IDEA-II,20231005,11.7,11.7,11.25,11.45,379,49200000
IDEA-III,20231005,11.75,11.75,11.3,11.55,53,5440000
IDFC-I,20231005,124.85,125.75,123.5,124.2,887,86890000
IDFC-II,20231005,125.85,126.7,124.55,125.15,42,3620000
IDFC-III,20231005,126,126,126,126,1,70000
IDFCFIRSTB-I,20231005,91.5,91.85,90.25,90.85,3651,275985000
IDFCFIRSTB-II,20231005,90.65,91.05,89.75,90.15,334,26475000
IDFCFIRSTB-III,20231005,90.35,90.55,89.35,89.8,115,3570000
IEX-I,20231005,132.4,135.75,131.3,133.7,4514,59808750
IEX-II,20231005,132.95,136.5,132.65,134.6,420,2392500
IEX-III,20231005,134,137.2,134,135.5,43,146250
IGL-I,20231005,460.3,462.25,453.65,459.2,1900,12084875
IGL-II,20231005,462.3,463.6,456.1,461.55,68,224125
IGL-III,20231005,461.9,465,461.9,464,3,5500
INDHOTEL-I,20231005,410,421.35,408.95,419.5,4087,19650000
INDHOTEL-II,20231005,411.55,424,411.5,422.25,185,472000
INDHOTEL-III,20231005,415,426.15,415,425.55,15,88000
INDIACEM-I,20231005,233,237.5,229.7,230.6,1718,19334300
INDIACEM-II,20231005,235.05,238.9,231.4,232.15,54,336400
INDIACEM-III,20231005,0,0,0,230.75,0,0
INDIAMART-I,20231005,2908.65,2925.4,2860.05,2874.5,587,572700
INDIAMART-II,20231005,2909,2911,2882.2,2882.75,12,15000
INDIAMART-III,20231005,2900,2900,2900,2900,2,600
INDIGO-I,20231005,2420,2489.8,2412.55,2485.4,8161,4234800
INDIGO-II,20231005,2434.4,2507.2,2430.15,2502.8,302,52500
INDIGO-III,20231005,2495,2523,2495,2521.9,11,3000
INDUSINDBK-I,20231005,1412.75,1422.7,1400.95,1408.85,5930,24715000
INDUSINDBK-II,20231005,1417.45,1431.9,1411.3,1418.15,170,222500
INDUSINDBK-III,20231005,1432.05,1440,1420.75,1423.6,13,13500
INDUSTOWER-I,20231005,188.05,189.4,182.85,183.95,3934,86064200
INDUSTOWER-II,20231005,188.6,190.55,184.3,185.4,139,693600
INDUSTOWER-III,20231005,190.1,190.1,188.35,188.35,2,30600
INFY-I,20231005,1444.75,1468.35,1440.85,1454.65,29389,18454400
INFY-II,20231005,1450.25,1474.65,1450.2,1460.45,1284,4489600
INFY-III,20231005,1457,1482.65,1457,1470.3,121,50400
IOC-I,20231005,90.35,91.4,89.45,89.9,1402,116288250
IOC-II,20231005,91.05,91.35,90.15,90.55,124,4563000
IOC-III,20231005,91.7,91.7,90.9,90.9,10,117000
IPCALAB-I,20231005,933.3,939.8,920.25,929.55,585,1604850
IPCALAB-II,20231005,921.3,926,919.9,926.3,5,48100
IPCALAB-III,20231005,0,0,0,930,0,650
IRCTC-I,20231005,708.75,730.1,708.5,723.05,9663,11577125
IRCTC-II,20231005,714.15,734.7,714.15,727.55,361,495250
IRCTC-III,20231005,724,737,724,730.6,19,39375
ITC-I,20231005,439.8,441.25,436,436.9,7761,65096000
ITC-II,20231005,440.95,444.2,439.25,440.1,275,1478400
ITC-III,20231005,444.35,446.5,442.5,443.25,26,78400
JINDALSTEL-I,20231005,685.15,686.8,676.3,680.35,1378,23612500
JINDALSTEL-II,20231005,687.7,690.5,682.8,685.25,45,102500
JINDALSTEL-III,20231005,0,0,0,699.65,0,7500
JKCEMENT-I,20231005,3168.25,3197.8,3125.85,3143.6,449,772000
JKCEMENT-II,20231005,0,0,0,3166.9,0,4750
JKCEMENT-III,20231005,0,0,0,3202.05,0,0
JSWSTEEL-I,20231005,761.5,762.9,755.05,759.3,2729,18330300
JSWSTEEL-II,20231005,767.05,768.15,761.1,765.25,114,268650
JSWSTEEL-III,20231005,766.95,770.25,764.5,770.25,5,12150
JUBLFOOD-I,20231005,534.15,541.5,528.75,529.85,3165,21402500
JUBLFOOD-II,20231005,529,536.15,524.5,525.55,472,781250
JUBLFOOD-III,20231005,528.65,530,521.35,522.3,33,48750
KOTAKBANK-I,20231005,1732.5,1755.9,1728.05,1742.5,9649,34157200
KOTAKBANK-II,20231005,1750.95,1768,1743.7,1754.65,376,866800
KOTAKBANK-III,20231005,1759.35,1779.05,1758.45,1767.4,58,53200
L&TFH-I,20231005,131.45,133.65,130.7,131.75,2185,67510060
L&TFH-II,20231005,133,134.5,131.75,132.7,114,2061444
L&TFH-III,20231005,134.25,135,132.65,132.65,7,187404
LALPATHLAB-I,20231005,2458.2,2483.25,2437.8,2449.85,1081,933900
LALPATHLAB-II,20231005,2460,2487.1,2460,2461.8,12,31800
LALPATHLAB-III,20231005,0,0,0,2451,0,1200
LAURUSLABS-I,20231005,392,395.55,388.75,392.9,1519,11327100
LAURUSLABS-II,20231005,391.55,393.9,389,391.65,645,1711900
LAURUSLABS-III,20231005,391.2,392.15,390,391.5,15,42500
LICHSGFIN-I,20231005,470.1,475.4,466.55,472.7,3112,23704000
LICHSGFIN-II,20231005,473.1,477.55,470,475.85,70,328000
LICHSGFIN-III,20231005,475.5,477.25,475.5,477.25,10,32000
LT-I,20231005,3044.9,3116.2,3035.25,3101.5,16182,9044700
LT-II,20231005,3059.9,3136.5,3059.85,3121.05,729,268800
LT-III,20231005,3099.85,3149.9,3085,3138.25,104,28200
LTIM-I,20231005,5224.95,5277,5198.35,5242.25,3046,1714350
LTIM-II,20231005,5243.95,5285,5235,5255.5,90,45000
LTIM-III,20231005,5269.95,5305,5269.95,5284.2,10,3750
LTTS-I,20231005,4575.1,4637.25,4575.1,4626.35,1404,581800
LTTS-II,20231005,4568.25,4604.65,4561.3,4598.35,79,41000
LTTS-III,20231005,4555,4561.75,4555,4561.75,2,1400
LUPIN-I,20231005,1162.9,1166.8,1146.15,1154.95,1259,5292950
LUPIN-II,20231005,1171.7,1174.45,1154.5,1162.35,82,168300
LUPIN-III,20231005,0,0,0,1153.5,0,0
M&M-I,20231005,1537.25,1551.75,1520.25,1544.3,4853,14968800
M&M-II,20231005,1538.85,1561.6,1531.35,1556.25,149,223300
M&M-III,20231005,1555,1572.8,1555,1567.05,7,17500
M&MFIN-I,20231005,288.75,290.95,282.9,284,2440,38920000
M&MFIN-II,20231005,285.25,286.7,279.7,280.55,226,2396000
M&MFIN-III,20231005,284,284.25,278,279.45,36,392000
MANAPPURAM-I,20231005,144.65,145.75,139.5,140.7,411,71238000
MANAPPURAM-II,20231005,143.4,143.4,142.3,142.3,2,2664000
MANAPPURAM-III,20231005,0,0,0,143,0,66000
MARICO-I,20231005,565,565,544.3,544.9,5906,12766800
MARICO-II,20231005,563.6,563.6,546.5,546.85,149,176400
MARICO-III,20231005,551.1,555.9,551.1,553.4,6,6000
MARUTI-I,20231005,10210,10311.55,10152.15,10265.6,7650,2618300
MARUTI-II,20231005,10298.5,10383.4,10231.95,10341.4,284,41400
MARUTI-III,20231005,10350,10440,10320,10380.2,27,4900
MCDOWELL-N-I,20231005,995.75,1018.8,994.65,1016,3658,10046400
MCDOWELL-N-II,20231005,1004.5,1025,1004.5,1023.6,79,77700
MCDOWELL-N-III,20231005,1022.5,1027.5,1022.5,1027.5,2,4900
MCX-I,20231005,1948,1974.7,1915.3,1958.8,3987,2926000
MCX-II,20231005,1959.7,1985,1929,1971.25,107,139200
MCX-III,20231005,0,0,0,1960.85,0,3200
METROPOLIS-I,20231005,1442.05,1461.1,1424,1435.35,1177,1646800
METROPOLIS-II,20231005,1463.4,1466.75,1434,1444.25,33,52400
METROPOLIS-III,20231005,1445.55,1451.8,1445.55,1451.8,2,3200
MFSL-I,20231005,893.05,923.2,890.05,916.6,4140,8964800
MFSL-II,20231005,900.65,928.7,900.55,923.95,37,40800
MFSL-III,20231005,0,0,0,922.6,0,0
MGL-I,20231005,1130.05,1132.5,1111.5,1118.3,1435,2600000
MGL-II,20231005,1133,1133,1114.3,1122.8,32,59200
MGL-III,20231005,1141.8,1141.8,1120,1126.35,5,10400
MOTHERSON-I,20231005,93.85,94.15,92.7,93.05,919,80890300
MOTHERSON-II,20231005,94.7,94.85,93.7,93.8,41,2229400
MOTHERSON-III,20231005,94.55,95.25,94.5,94.5,7,99400
MPHASIS-I,20231005,2430.95,2472.55,2420.3,2462.2,2930,2399375
MPHASIS-II,20231005,2429.15,2474.3,2429.15,2462.5,160,34650
MPHASIS-III,20231005,2455.75,2467.6,2455.75,2467.25,3,2200
MRF-I,20231005,107499.85,107898.6,106850,107241.2,500,43490
MRF-II,20231005,108000,108150,107500,107725.8,19,1100
MRF-III,20231005,0,0,0,108084.05,0,70
MUTHOOTFIN-I,20231005,1208.95,1226.45,1192.35,1197.25,1454,6624750
MUTHOOTFIN-II,20231005,1202.9,1202.9,1182.9,1187,57,83600
MUTHOOTFIN-III,20231005,1180,1186,1178,1184.1,12,11550
NATIONALUM-I,20231005,95.4,95.9,94.35,94.8,704,57525000
NATIONALUM-II,20231005,95.85,96.25,95,95.25,36,2542500
NATIONALUM-III,20231005,95.85,95.85,95.85,95.85,2,97500
NAUKRI-I,20231005,4085.05,4240.3,4074.25,4222.85,3258,1542600
NAUKRI-II,20231005,4099.15,4261,4099.15,4246.2,120,24900
NAUKRI-III,20231005,4170,4281.35,4170,4281.35,6,900
NAVINFLUOR-I,20231005,3769,3779.95,3633.7,3710.9,6554,1244250
NAVINFLUOR-II,20231005,3860,3860,3664.85,3717.4,359,55650
NAVINFLUOR-III,20231005,3820,3820,3690,3736.2,50,15300
NESTLEIND-I,20231005,23016.7,23150,22830.45,22985.35,1938,306600
NESTLEIND-II,20231005,23002.7,23149.95,22900,23014.4,72,20040
NESTLEIND-III,20231005,0,0,0,22945,0,0
NMDC-I,20231005,147.2,148.9,146.4,146.9,2326,107217000
NMDC-II,20231005,148.05,149.75,147.65,148.05,132,2241000
NMDC-III,20231005,150.2,150.75,149,149.1,10,292500
NTPC-I,20231005,236.25,238.1,233.1,235.05,5996,87609000
NTPC-II,20231005,238.15,239.3,235,236.55,184,1617000
NTPC-III,20231005,238.15,238.6,236.1,238.6,9,192000
OBEROIRLTY-I,20231005,1124.15,1151.55,1079.95,1094.25,6353,7584500
OBEROIRLTY-II,20231005,1144,1155,1086.75,1101.1,120,28700
OBEROIRLTY-III,20231005,0,0,0,1150.3,0,0
OFSS-I,20231005,4082.35,4103.75,4018.9,4035.75,444,367400
OFSS-II,20231005,4090,4090,4047,4063,4,4000
OFSS-III,20231005,4080,4080,4080,4080,1,400
ONGC-I,20231005,181.95,184.35,181.5,182.85,2599,43774500
ONGC-II,20231005,183.7,184.75,183.2,183.65,34,581350
ONGC-III,20231005,186,186,184.5,184.8,8,177100
PAGEIND-I,20231005,39528.4,39780,39200,39256.4,1314,172035
PAGEIND-II,20231005,39735,39930,39421.25,39481,29,1650
PAGEIND-III,20231005,40163.75,40163.75,39699,39699,2,60
PEL-I,20231005,1053,1073.75,1052.55,1065.25,2414,9744750
PEL-II,20231005,1070.8,1079,1061.6,1071.15,62,81750
PEL-III,20231005,0,0,0,1070,0,1500
PERSISTENT-I,20231005,5759.5,5800,5724.2,5754.5,1907,1143975
PERSISTENT-II,20231005,5775.25,5807.95,5736.55,5767.7,68,16975
PERSISTENT-III,20231005,5800,5800,5745.5,5746.3,5,1050
PETRONET-I,20231005,235.5,237.7,232.4,233.25,1151,19941000
PETRONET-II,20231005,237,237.65,234,234.55,66,393000
PETRONET-III,20231005,238.3,238.35,235,235,8,30000
PFC-I,20231005,246.35,247.95,240.95,241.85,3091,68796750
PFC-II,20231005,246.8,247.95,241.4,242.1,213,2588500
PFC-III,20231005,247,248,242.5,243.4,24,395250
PIDILITIND-I,20231005,2435.05,2446.05,2428,2439.15,1482,2254250
PIDILITIND-II,20231005,2455.5,2461,2447,2455.4,43,48500
PIDILITIND-III,20231005,2470,2470,2470,2470,1,3750
PIIND-I,20231005,3403.9,3427,3394.15,3399.05,507,2693750
PIIND-II,20231005,3428.5,3441.75,3425,3426,9,33250
PIIND-III,20231005,0,0,0,3480,0,1250
PNB-I,20231005,80.6,81.2,76.35,77.3,13001,286672000
PNB-II,20231005,81.3,81.75,77,77.85,1051,17200000
PNB-III,20231005,82.3,82.3,77.8,78.45,111,1952000
POLYCAB-I,20231005,5350.45,5378.8,5261,5267.3,1516,2419500
POLYCAB-II,20231005,5375.45,5375.45,5280,5282.85,52,79200
POLYCAB-III,20231005,5325,5325,5295,5295,4,1500
POWERGRID-I,20231005,200.1,200.1,196.15,197.3,4329,69980400
POWERGRID-II,20231005,199.1,199.1,197,197.85,90,1321200
POWERGRID-III,20231005,199.15,199.15,197.15,198.15,8,64800
PVRINOX-I,20231005,1709.55,1716.45,1701.4,1711.9,1139,5435078
PVRINOX-II,20231005,1723.45,1727,1714.45,1722.55,36,88726
PVRINOX-III,20231005,1729.9,1738,1729.9,1737.85,5,18315
RAMCOCEM-I,20231005,960.8,962.5,936.2,938.65,2574,3761250
RAMCOCEM-II,20231005,954.45,961.1,936.25,938.65,118,85000
RAMCOCEM-III,20231005,940,940,940,940,1,850
RBLBANK-I,20231005,253,257.5,242.1,243.1,6878,58675000
RBLBANK-II,20231005,256.8,259,243.85,244.65,278,950000
RBLBANK-III,20231005,258.8,259.65,245.6,245.85,17,195000
RECLTD-I,20231005,286.75,288.35,279.2,280.8,3315,57944000
RECLTD-II,20231005,286.5,287.95,279,280.35,165,2408000
RECLTD-III,20231005,287.75,288.9,281,281.7,29,320000
RELIANCE-I,20231005,2326.05,2335.6,2316.45,2323.85,30809,53557500
RELIANCE-II,20231005,2343.8,2352.25,2334,2341.2,1200,1572000
RELIANCE-III,20231005,2370,2370,2353.4,2358.15,193,117750
SAIL-I,20231005,90.1,90.35,88.7,88.9,1637,134448000
SAIL-II,20231005,90.5,90.95,89.45,89.6,161,4456000
SAIL-III,20231005,91.65,91.7,90.2,90.25,38,512000
SBICARD-I,20231005,797.7,799.9,785,791.45,1790,9191200
SBICARD-II,20231005,801.9,801.9,790.5,796.05,125,271200
SBICARD-III,20231005,804.75,804.75,795,796.9,9,14400
SBILIFE-I,20231005,1272.1,1285.75,1272.05,1278,2564,7847250
SBILIFE-II,20231005,1281.45,1293.25,1280.6,1288.3,43,53250
SBILIFE-III,20231005,0,0,0,1293.8,0,1500
SBIN-I,20231005,592,596.1,588.15,594.45,19086,87766500
SBIN-II,20231005,593.5,600,592.35,598.45,602,3060000
SBIN-III,20231005,598.45,604,597.75,602.65,66,211500
SHREECEM-I,20231005,25650,25968.7,25512.7,25814.25,1448,199400
SHREECEM-II,20231005,25701,26050,25701,25943.85,12,600
SHREECEM-III,20231005,0,0,0,26094.05,0,0
SHRIRAMFIN-I,20231005,1865.85,1882,1831.5,1847.6,2382,8230800
SHRIRAMFIN-II,20231005,1865,1873.55,1840.2,1852.1,51,74400
SHRIRAMFIN-III,20231005,0,0,0,1905.2,0,0
SIEMENS-I,20231005,3534.95,3567,3517.05,3537.4,1934,2232175
SIEMENS-II,20231005,3557.85,3591.7,3546.75,3563.05,65,56100
SIEMENS-III,20231005,3600,3610.2,3580,3580,5,4400
SRF-I,20231005,2257.2,2276.3,2245.1,2272.4,1335,3682500
SRF-II,20231005,2269.3,2290,2260.8,2285.15,70,58125
SRF-III,20231005,2283,2291.85,2283,2291.85,18,3750
SUNPHARMA-I,20231005,1127.05,1130,1114,1121.55,4437,23436700
SUNPHARMA-II,20231005,1134.25,1137.55,1122.2,1128.7,54,97300
SUNPHARMA-III,20231005,1133.2,1133.2,1125.35,1125.35,3,5600
SUNTV-I,20231005,614.35,637.7,612.9,635.15,5153,8937000
SUNTV-II,20231005,616.75,638,616.75,635.15,195,207000
SUNTV-III,20231005,630.9,640,630.9,637.55,8,9000
SYNGENE-I,20231005,796.4,811.85,789.4,792.1,817,3672000
SYNGENE-II,20231005,808,813.75,796,796.95,23,37000
SYNGENE-III,20231005,804.9,804.9,802,802,2,2000
TATACHEM-I,20231005,1020.65,1025.85,1005.9,1009.55,1783,6921200
TATACHEM-II,20231005,1026.7,1030.2,1011.65,1014.15,100,265100
TATACHEM-III,20231005,1030.55,1030.55,1020,1020.5,7,4400
TATACOMM-I,20231005,1878.95,1894.7,1853.3,1857.15,1686,5765500
TATACOMM-II,20231005,1890,1903.3,1864.35,1867.05,34,99000
TATACOMM-III,20231005,1888.15,1888.15,1888.15,1888.15,1,1000
TATACONSUM-I,20231005,870,871.75,861.3,864.35,1997,9503100
TATACONSUM-II,20231005,874,876,867.15,869,52,171000
TATACONSUM-III,20231005,873,877.55,873,875.7,6,6300
TATAMOTORS-I,20231005,620.65,624.65,616.15,622.65,10835,64469850
TATAMOTORS-II,20231005,625.2,629,620.8,626.65,552,2755950
TATAMOTORS-III,20231005,629,633,625.5,631.95,52,155325
TATAPOWER-I,20231005,259.35,260.8,256.65,258.7,3561,86997375
TATAPOWER-II,20231005,260.55,262.5,259,260.7,548,3516750
TATAPOWER-III,20231005,262.3,264.35,260.8,262.7,27,259875
TATASTEEL-I,20231005,126.3,126.5,124.8,125.55,7934,193891500
TATASTEEL-II,20231005,127.25,127.25,125.7,126.4,437,9427000
TATASTEEL-III,20231005,127.65,127.95,126.35,127.05,93,456500
TCS-I,20231005,3565,3629.6,3556.05,3597.05,27639,8542975
TCS-II,20231005,3594.35,3653.95,3580.25,3620.6,613,1227625
TCS-III,20231005,3610,3674,3595.75,3642.8,53,8225
TECHM-I,20231005,1209.45,1227.5,1205.65,1211.45,6482,12762000
TECHM-II,20231005,1206.6,1220.25,1199.7,1205.95,265,607800
TECHM-III,20231005,1218,1228,1211.5,1211.5,8,15600
TITAN-I,20231005,3185.5,3247,3183.1,3232.35,7424,5668500
TITAN-II,20231005,3205.2,3266,3205.2,3253.7,191,149625
TITAN-III,20231005,3250,3284.75,3250,3267.8,19,7875
TORNTPHARM-I,20231005,1862.05,1875,1851.1,1859.25,527,1925500
TORNTPHARM-II,20231005,1872.65,1883.9,1855,1867.15,25,17000
TORNTPHARM-III,20231005,0,0,0,1897.25,0,0
TRENT-I,20231005,2038.55,2069,2038.55,2057.05,1532,3185200
TRENT-II,20231005,2060,2075,2059.2,2069.3,32,32400
TRENT-III,20231005,0,0,0,2101.8,0,0
TVSMOTOR-I,20231005,1506.4,1514.3,1495.75,1504.8,1356,6692000
TVSMOTOR-II,20231005,1514.55,1521,1505,1513.75,53,117600
TVSMOTOR-III,20231005,1525.4,1525.4,1517,1517,7,5600
UBL-I,20231005,1555.65,1569.95,1550.25,1558.85,557,2222000
UBL-II,20231005,1574,1574.8,1562,1568.7,24,22400
UBL-III,20231005,0,0,0,1568,0,0
ULTRACEMCO-I,20231005,8183.95,8227.95,8142.1,8195.1,4708,1722600
ULTRACEMCO-II,20231005,8265.7,8275.35,8216.3,8250.35,80,15700
ULTRACEMCO-III,20231005,8279.95,8311.95,8279.95,8303.5,7,1600
UPL-I,20231005,613.2,613.2,604,607,2433,32524700
UPL-II,20231005,613.7,615,608.15,611.55,203,1405300
UPL-III,20231005,618.45,620.2,613.15,616.1,18,153400
VEDL-I,20231005,225.1,225.9,220.6,223.1,5510,67034000
VEDL-II,20231005,226.7,227.1,221.8,224.35,358,3870000
VEDL-III,20231005,227.2,227.45,223.1,225.45,118,370000
VOLTAS-I,20231005,883.9,885.1,873.95,883.4,1858,6867600
VOLTAS-II,20231005,882.5,888.8,881,888.05,66,168000
VOLTAS-III,20231005,891,891.5,886.05,891.5,15,10200
WIPRO-I,20231005,408.4,412.2,406,408.35,6176,43546500
WIPRO-II,20231005,411,414.8,409,410.8,499,2224500
WIPRO-III,20231005,413,417.15,412.55,413.65,42,147000
ZEEL-I,20231005,260.5,264.1,259.1,259.55,2306,83754000
ZEEL-II,20231005,262.45,265.9,261.1,261.35,128,915000
ZEEL-III,20231005,266,266,263,263,4,75000
ZYDUSLIFE-I,20231005,609.85,614.25,603.6,606.9,534,7147800
ZYDUSLIFE-II,20231005,617.8,617.8,610,610.9,6,95400
ZYDUSLIFE-III,20231005,0,0,0,613.65,0,0
