512489
534618
NILASPACES
VLSFINANCE
540097
531982
531761
538713
KEYFINSERV
GEECEE
MICEL
532850
532323
538668
21STCENMGM
500016
500142
500322
500422
VHL
HINDMOTORS
TCIFINANCE
501700
501833
SWANENERGY
503816
504220
504351
505693
505725
506640
507912
507946
508905
AUSOMENT
509053
509470
511018
511122
511571
511628
511654
511688
511696
511700
511726
512020
512115
512149
512217
512329
512393
512399
512415
512441
512443
512463
512589
512597
512600
512618
513337
513452
513496
513536
513575
514060
514171
514316
514330
514378
REGENCERAM
516020
517170
517393
519299
521005
522209
523475
523650
ASHIANA
523790
POONAWALLA
524038
524156
524592
524711
524743
524752
526407
526443
526471
526473
526490
526727
530141
530167
530171
530197
530267
ASIANENE
530407
530469
530557
530579
530601
530699
530839
530943
530951
531035
531176
531199
531203
531205
531237
531240
531255
531278
531314
531525
531552
531692
531694
531771
531778
531834
531900
531910
531925
531968
531997
532053
532216
532284
532333
PNC
532676
KERNEX
532759
OMAXE
NAGREEKCAP
532975
LPDC
SHAH
SUMMITSEC
DHUNINV
ZENTEC
ONELIFECAP
INDOTHAI
HEXATRADEX
535136
536659
536846
537800
538446
538521
538609
538647
538770
538895
538920
INOXWIND
539090
AIIL
539199
539218
539217
539291
539435
539506
539552
539561
539584
539607
539662
539834
539854
539946
540006
540132
540168
540190
540267
TEJASNET
540703
540874
541358
GENSOL
543230
IWEL
VERANDA
NXST
JIOFIN
543976
ATLANTAA
HBSL
LFIC
MCL
NDGL
NIRMAN
NITIRAJ
PANSARI
SEL
SUNDARMHLD
VIPULLTD
RAJRILTD
WSI
SABTNL
