POONAWALLA
530579
INDOTHAI
505693
NILASPACES
ASHIANA
SUMMITSEC
540097
VLSFINANCE
531982
ZENTEC
540737
LFIC
LGHL
SWANENERGY
APOLLOPIPE
531761
519299
538476
IWEL
505725
538713
KEYFINSERV
LPDC
GEECEE
HINDMOTORS
JITFINFRA
509470
532323
512443
MICEL
532850
SUNDARMHLD

500016
500142
500143
500322
500422
TCIFINANCE
501700
501833
503816
504220
504351
506640
507912
507946
508905
AUSOMENT
509053
511018
511391
511571
511654
511688
511692
511696
511700
511710
511764
512020
512149
512329
512379
512393
512399
512415
512463
512589
512591
512597
512600
512618
513337
513353
514060
514171
514316
514330
REGENCERAM
516020
517393
519230
521005
KDL
521244
DIACABS
522209
523650
523790
511122
511628
511734
512441
513452
513575
524038
524711
526407
526443
526471
526490
526727
530141
530167
530171
530197
530267
530407
530469
530595
530601
530699
530839
530943
531035
531176
531199
531203
531205
531240
531255
531278
531314
531552
531692
531694
531716
531778
531834
531900
531910
531925
531997
532053
532216
532284
532333
532676
NAGREEKCAP
532975
HEXATRADEX
534618
536659
536846
538446
538521
538607
538647
538770
538895
INOXWIND
539090
539115
539199
539218
539435
539506
539552
539561
539584
539621
539834
539854
539946
540132
540168
540190
540267
540703
540874
541358
542046
542057
542627
543230
VERANDA
21STCENMGM
