532993
MRPL
MANINFRA
KKCL
SEJALLTD
WONDERLA
GENUSPAPER
IDFC
OLECTRA
509438
LYKALABS
530461
506808
MAHLIFE
IMAGICAA
GOACARBON
SUMMITSEC
540097
TAJGVK
SALONA
LLOYDSME
LANCORHOL
ZENITHSTL
REPRO
ZOMATO
DBREALTY
PVP
543207
JSWHL
RTNINDIA
532329
526445
504341
ASHIMA
SYNJ
POLYINVST
539686
512437
513502
533108
523411
THOMASCOOK
PROZONER
538970
KUANTUM
MAHSCOOTER
536264
538772
KRSNAA
KAMATHOTEL
531370
GMDCLTD
SAMPANN
SASTASUNDR
VINYLINDIA
526901
PRAENG
JSL
542770
506854
505036
MICEL
532850
VIPIND
500058
GLFL
HLVLTD
500246
500277
501370
503669
503816
504351
504380
506520
506640
508954
508980
509053
509084
509449
509546
509960
511016
511493
511549
511585
511760
512018
512020
512097
512149
512344
512463
512493
512587
512591
513005
513403
513422
514128
514240
514266
514386
516098
516106
517360
517467
APCL
521005
521048
521054
521105
521113
521178
521222
KDL
522235
523025
523309
523425
523650
523710
511122
511628
512485
513721
524038
524458
524622
524628
524640
526161
526237
526373
526407
526654
KEEPLEARN
526705
526847
530139
530167
530235
530361
UGARSUGAR
530495
530689
530797
530821
531017
531178
531228
531273
531288
HAVISHA
531340
531465
531515
531529
531550
531681
531688
531692
531802
531913
531968
532001
532011
532015
532016
LCCINFOTEC
532057
532090
532100
532154
532262
532334
532355
532379
CALSOFT
532410
CEREBRAINT
IMPEXFERRO
GVKPIL
GALLANTT
PARSVNATH
532992
GODREJPROP
RKDL
534618
535514
536073
538081
538212
538446
538539
538568
538607
538647
538778
538817
539011
539189
539310
539383
539492
539506
539526
539559
539561
539661
539669
539760
539773
539854
540026
540168
HEADSUP
540386
SMLT
DNAMEDIA
541735
541778
542866
JUBLINGREA
543341
STARHEALTH
21STCENMGM
