WONDERLA
RVHL
OILCOUNTUB
HEMIPROP
CREST
531638
532070
517546
506808
EIHOTEL
SPCENET
IMAGICAA
PENINLAND
LEMONTREE
EIMCOELECO
HINDOILEXP
539469
SAKHTISUG
ZENTEC
526117
DEEPENR
REFEX
CHALET
MARATHON
PVP
JSWHL
SWANENERGY
526445
519299
WELENT
ANANTRAJ
AVONMORE
JKIL
ADROITINFO
ATAM
543324
THOMASCOOK
500365
523558
ARROWGREEN
MENONBE
UGROCAP
KAMATHOTEL
GFLLIMITED
543208
512068
543482
DAVANGERE
SKMEGGPROD
526775
SDBL
500014
HLVLTD
503349
503641
504220
504392
504397
505336
SEMAC
505502
505523
506105
507486
509040
511016
511092
511447
511700
511738
511764
512047
512149
512379
512415
512493
512591
513337
513353
513498
514028
515085
516032
517467
519214
519463
EUROTEXIND
521222
DIACABS
522273
522289
523752
503685
512595
524210
524434
524614
524632
526441
526490
526494
526500
526717
526721
527005
530053
OPTIEMUS
530139
530141
530187
530361
UGARSUGAR
530439
530443
530663
530765
530799
531025
531035
531119
531272
HAVISHA
531509
531671
531688
GATECH
531737
531822
531841
531909
531913
531925
531944
532016
532035
532041
532123
532340
532379
532402
CINELINE
533048
RKDL
533896
534063
534190
HEXATRADEX
534618
536073
538446
538743
538833
538834
538923
539090
539199
539206
539277
539353
539391
539559
539621
539659
539679
539761
539762
539773
539991
539992
540132
540515
540874
541702
541735
KPIGREEN
542753
542803
542866
